3650.8380120384854 0
1930.3087368495876 1
-319.3754493653005 2
-247.6490571019632 4
42.54984037888926 5
-221.60910306157803 12
6.6428170380108895 15
-312.47574739272613 20
367.65778657311466 23
-264.4204928745787 27
-228.21167698492326 30
335.0078483882171 31
1151.5863009078278 32
62.89712520454076 33
-382.3307718175249 35
-353.4528677470105 59
-395.7240803431728 60
747.726668466632 62
-387.8769821215867 68
-331.9274443481079 69
-259.2911814640463 74
-307.13379101802684 75
-281.47192353818195 76
-391.39258047098383 77
-322.42864938860714 78
-261.5276911500241 79
-257.98963670751425 85
-354.6815052120396 88
-296.97665482957007 96
-243.29715419844342 98
-295.1733671528825 102
-187.73111382273703 103
-158.7116195526686 104
-388.9465602116454 105
-300.43547819980745 106
-397.01660960968707 108
-392.5535578310729 110
-260.90046650187605 112
-263.03277428677916 114
-362.0725974787888 115
-386.1337219034092 116
-365.43099953839305 120
-365.9691160038426 121
-389.19254528790896 126
-397.1340603589989 128
-342.0686159600517 131
-390.5785911290916 132
-303.6657754059038 133
-339.1181576341635 134
-286.48869014990464 135
-364.9880816213356 137
-381.79517083263374 138
-334.11125978489736 140
-380.2648911281275 141
-349.71366120961943 142
-388.08079323010134 143
-356.8786233624859 146
-391.05914632258555 147
-368.39367507225745 151
-374.79618890722554 153
-332.75891661173375 154
-345.9717137655538 155
-328.4245900725757 157
-344.5079302349177 158
-362.8052714108501 159
-353.3287215067696 160
-366.5133154544527 161
-373.690874074716 162
-380.24060928998233 163
-361.36083784626817 164
-375.8783273118913 165
-385.25357770056985 166
-369.9023323762284 167
-391.82010320766494 169
-388.4877620226937 170
-391.6272349190749 171
-384.8133712293288 172
-370.14922294259213 173
-382.54915731643916 174
-355.2975007326189 175
-394.6975259689982 176
-387.6884999927439 177
-388.03238882461585 178
-376.72782870284107 179
-391.22300760013434 180
-364.8688756522175 181
-385.3092816536325 182
-384.92057198208727 183
-372.33847516481546 184
-383.42525817526894 185
-386.7685450126007 186
-389.56631383630975 187
-392.5292885710056 188
-385.23152429292884 189
-388.3699550240648 190
-390.274462602108 191
-392.9114746640896 193
-391.5830092500239 194
-382.41447000056405 195
-385.7459225901107 197
-385.4946856643908 199
-394.46875916783813 200
-392.32527466835677 201
-396.1771294252395 203
-390.9421802865546 204
-380.2881410350408 205
-395.0173639124549 206
-394.81255008244534 207
-397.7063125450252 208
-393.56312157197374 209
-390.88831065822865 210
-388.3136122274409 211
-395.56924954153976 212
-394.29707468415666 213
-397.23927442212914 216
-398.218212668907 218
-397.42136116468475 219
-394.3033883341227 220
-393.3455691756096 221
-396.7861075733024 222
-395.77721263256353 223
-398.99147908525924 224
-397.0447706398296 225
-399.1929363274428 226
-397.7683601055063 227
-398.26775363499587 228
-396.97609687032786 229
-397.85835734719456 230
-397.20035933343934 231
-398.5150067112546 232
-398.69032739444924 233
-397.9444891693511 234
-397.0103037198669 235
-398.86567566850294 236
-398.4798232958267 237
-398.25079938360557 238
-398.53643416416776 239
-398.58157578097325 240
-398.726632297431 241
-399.0037709985759 242
-399.14486186446493 243
-399.0447404136212 244
-398.86820121254686 245
-399.45234233249516 246
-399.15322814917965 247
-399.42177904647815 248
-399.5949815034128 249
-399.5400430889191 250
-398.0753407933506 251
-399.3818286620426 252
-399.1635637921639 253
-399.6451217472113 254
-398.26181569174446 255
-399.2337506118628 256
-399.2833229994859 257
-399.4604086198949 258
-399.180044652211 259
-399.3688305906776 260
-399.56521078364835 261
-399.3628535905375 262
-399.20063560392873 263
-399.64847154503184 264
-399.0708777395206 265
-399.4250496726588 266
-399.46895847066503 267
-399.75434887042445 268
-399.88563246019976 269
-399.69780892789345 270
-399.74688689311586 271
-399.8213734015608 272
-399.6691563851721 273
-399.70210737799357 274
-399.8008032063283 275
-399.6799060417826 276
-399.8933437608043 277
-399.76780727873677 279
-399.73345838931345 280
-399.76667999083566 281
-399.92189766557567 282
-399.76821246063025 283
-399.8538471838682 284
-399.8294228590978 285
-399.81861735749374 286
-399.8336978811544 287
-399.8336978811544 288
-399.8336978811544 289
-399.88195264639694 290
-399.88195264639694 291
-399.88195264639694 292
-399.88195264639694 293
-399.88195264639694 294
-399.88195264639694 295
-399.88195264639694 296
-399.88195264639694 297
-399.88195264639694 298
-399.88195264639694 299
-399.88195264639694 300
-399.88195264639694 301
-399.88195264639694 302
-399.88195264639694 303
-399.88195264639694 304
-399.91761600814186 305
-399.95412886526765 306
-399.9571288922616 307
-399.9571288922616 308
-399.9571288922616 309
-399.9571288922616 310
-399.9579205826899 311
-399.9579205826899 312
-399.9833571016984 313
-399.995302501434 314
-400.00308101421 315
-400.00308101421 316
-400.00799574325765 317
-400.00809346217466 318
-400.01311230909494 319
-400.01311230909494 320
-400.0224385255889 321
-400.0227462986635 322
-400.02780367991113 323
-400.02780367991113 324
-400.03090650718514 325
-400.033453084838 326
-400.03446314171947 327
-400.03453033289804 328
-400.04280332449923 329
-400.04280332449923 330
-400.04280332449923 331
-400.04280332449923 332
-400.04280332449923 333
-400.04447264360294 334
-400.04447264360294 335
-400.04447264360294 336
-400.04447264360294 337
-400.04447264360294 338
-400.04447264360294 339
-400.0446919150818 340
-400.04486678735736 341
-400.04538698134616 342
-400.0467396268649 343
-400.0467396268649 344
-400.0467396268649 345
-400.0467396268649 346
-400.0467396268649 347
-400.0467396268649 348
-400.0467396268649 349
-400.0467396268649 350
-400.0467581046357 351
-400.0472225132256 352
-400.0476068615352 353
-400.0478312815235 354
-400.0478312815235 355
-400.04823296479174 356
-400.04823296479174 357
-400.04891393809737 358
-400.0490345362466 359
-400.049328410817 360
-400.0498041231567 361
-400.0498041231567 362
-400.049991712527 363
-400.049991712527 364
-400.0505572509783 365
-400.0506909842245 366
-400.05102411965095 367
-400.05110175182915 368
-400.0513219992629 369
-400.0515538656939 370
-400.0516045947245 371
-400.0519537239468 372
-400.0523578475496 373
-400.0523578475496 374
-400.0523678239307 375
-400.05242504326736 376
-400.0527561603036 377
-400.0527561603036 378
-400.0527561603036 379
-400.0529387437715 380
-400.0531155997271 381
-400.05322379808433 382
-400.0532271055373 383
-400.05330642991726 384
-400.0534670360689 385
-400.0536594593566 386
-400.053743114085 387
-400.053743114085 388
-400.053743114085 389
-400.053743114085 390
-400.05375621940493 391
-400.0540384125584 392
-400.0540384125584 393
-400.0540384125584 394
-400.05427107135756 395
-400.05427107135756 396
-400.05427107135756 397
-400.05427107135756 398
-400.05429885359524 399
-400.0543696460811 400
-400.0544266727037 401
-400.0544266727037 402
-400.0544266727037 403
-400.0544266727037 404
-400.0544266727037 405
-400.0544709835916 406
-400.0545177850572 407
-400.0545824322568 408
-400.0546663834815 409
-400.0547215148638 410
-400.0547215148638 411
-400.0547215148638 412
-400.0547215148638 413
-400.0547438725034 414
-400.0547438725034 415
-400.0547438725034 416
-400.0547438725034 417
-400.0547438725034 418
-400.05476766129493 419
-400.05478903307744 420
-400.05478903307744 421
-400.05478903307744 422
-400.05478903307744 423
-400.0548563779205 424
-400.0548563779205 425
-400.0548563779205 426
-400.0549052025251 427
-400.0549052025251 428
-400.0549052025251 429
-400.0549052025251 430
-400.0549052025251 431
-400.0549071683431 432
-400.0549071683431 433
-400.0549145982453 434
-400.0549288619236 435
-400.05493787403316 436
-400.05493787403316 437
-400.05493787403316 438
-400.0549482596779 439
-400.0550071467186 440
-400.0550071467186 441
-400.0550071467186 442
-400.05501590355027 443
-400.05501590355027 444
-400.05501590355027 445
-400.05501590355027 446
-400.05501590355027 447
-400.05501590355027 448
-400.05501590355027 449
-400.05501590355027 450
-400.05503580733944 451
-400.05503580733944 452
-400.05503580733944 453
-400.05503580733944 454
-400.05503580733944 455
-400.0550358936574 456
-400.05503822388346 457
-400.05503822388346 458
-400.0550385164007 459
-400.0550389733171 460
-400.0550474724761 461
-400.0550474724761 462
-400.0550474724761 463
-400.05505682291596 464
-400.05505682291596 465
-400.05505682291596 466
-400.05505682291596 467
-400.05505682291596 468
-400.05505682291596 469
-400.05505682291596 470
-400.0550615243002 471
-400.05506184819274 472
-400.05506532062054 473
-400.05506567067187 474
-400.05506567067187 475
-400.05506692763527 476
-400.0550671942932 477
-400.0550671942932 478
-400.0550671942932 479
-400.0550671942932 480
-400.0550671942932 481
-400.0550671942932 482
-400.0550671942932 483
-400.05506885027705 484
-400.05506885027705 485
-400.05506885027705 486
-400.055074040376 487
-400.05507509387326 488
-400.05507669217684 489
-400.0550768363121 490
-400.0550792667241 491
-400.05507978165224 492
-400.05507978165224 493
-400.05507978165224 494
-400.05507978165224 495
-400.05507978165224 496
-400.05507978165224 497
-400.0550807588986 498
-400.0550812847007 499
-400.0550812847007 500
-400.0550846231297 501
-400.0550846231297 502
-400.0550846231297 503
-400.055084728558 504
-400.05508515601014 505
-400.05508515601014 506
-400.0550863751166 507
-400.0550863751166 508
-400.0550868673354 509
-400.05508788549287 510
-400.0550884794857 511
-400.0550891316068 512
-400.0550905386666 513
-400.0550926543458 514
-400.0550926543458 515
-400.0550926543458 516
-400.0550926543458 517
-400.0550926543458 518
-400.0550926543458 519
-400.0550926543458 520
-400.0550926543458 521
-400.0550928474438 522
-400.0550938022575 523
-400.0550941345408 524
-400.0550943984565 525
-400.0550943984565 526
-400.05509449370606 527
-400.05509450177647 528
-400.05509506331714 529
-400.05509506331714 530
-400.05509549152066 531
-400.05509549152066 532
-400.05509549152066 533
-400.05509549152066 534
-400.0550959160262 535
-400.055096253235 536
-400.05509661758697 537
-400.0550969653325 538
-400.05509698873277 539
-400.0550972293663 540
-400.0550973766249 541
-400.0550974905764 542
-400.05509800011293 543
-400.05509800011293 544
-400.05509812721607 545
-400.0550982388677 546
-400.0550982388677 547
-400.0550982388677 548
-400.0550982388677 549
-400.0550986306008 550
-400.0550986306008 551
-400.0550986306008 552
-400.0550986306008 553
-400.0550986306008 554
-400.0550986306008 555
-400.0550987565589 556
-400.0550987565589 557
-400.0550987565589 558
-400.0550987936218 559
-400.0550988305906 560
-400.0550988952625 561
-400.05509895445414 562
-400.05509895445414 563
-400.05509901849393 564
-400.0550990345821 565
-400.0550991187961 566
-400.0550991187961 567
-400.0550991187961 568
-400.0550991801049 569
-400.05509918095606 570
-400.0550992717152 571
-400.0550992717152 572
-400.05509937355464 573
-400.05509937355464 574
-400.0550994079874 575
-400.0550994580076 576
-400.0550994580076 577
-400.0550994580076 578
-400.0550995662388 579
-400.0550995662388 580
-400.05509958516836 581
-400.05509958516836 582
-400.0550996271727 583
-400.0550996271727 584
-400.05509969495245 585
-400.05509969685477 586
-400.05509969685477 587
-400.05509969685477 588
-400.05509969685477 589
-400.0550997124078 590
-400.05509973146286 591
-400.05509973243284 592
-400.0550997528818 593
-400.0550997528818 594
-400.0550997661119 595
-400.0550997661119 596
-400.0550997964002 597
-400.0550997964002 598
-400.0550997964002 599
-400.0550998158028 600
-400.05509983692787 601
-400.05509983692787 602
-400.05509985556023 603
-400.05509985556023 604
-400.0550998610287 605
-400.05509986824427 606
-400.0550998834267 607
-400.0550998970682 608
-400.05509990669 609
-400.05509990969483 610
-400.05509990969483 611
-400.055099911192 612
-400.0550999191614 613
-400.0550999191614 614
-400.0550999229075 615
-400.0550999241665 616
-400.05509992596683 617
-400.05509993046235 618
-400.0550999329266 619
-400.055099946431 620
-400.05509995108275 621
-400.05509995108275 622
-400.055099959858 623
-400.05509996027297 624
-400.05509996027297 625
-400.05509996027297 626
-400.05509996027297 627
-400.05509996415503 628
-400.05509996415503 629
-400.05509996415503 630
-400.05509996879584 631
-400.05509996879584 632
-400.05509996879584 633
-400.0550999704967 634
-400.05509997055844 635
-400.0550999724119 636
-400.0550999724119 637
-400.0550999750192 638
-400.0550999750192 639
-400.0550999750192 640
-400.055099975178 641
-400.055099975178 642
-400.0550999778411 643
-400.0550999778411 644
-400.05509998132493 645
-400.05509998132493 646
-400.05509998132493 647
-400.05509998132493 648
-400.05509998132493 649
-400.0550999815499 650
-400.0550999825522 651
-400.0550999826713 652
-400.0550999844445 653
-400.0550999866605 654
-400.0550999866605 655
-400.05509998738 656
-400.05509998804337 657
-400.05509998880007 658
-400.05509998880007 659
-400.05509998880007 660
-400.05509998880007 661
-400.0550999889997 662
-400.0550999898369 663
-400.055099990284 664
-400.0550999921429 665
-400.0550999921429 666
-400.0550999921429 667
-400.0550999921429 668
-400.05509999222375 669
-400.05509999279843 670
-400.05509999331343 671
-400.05509999445076 672
-400.0550999945658 673
-400.0550999946056 674
-400.055099994687 675
-400.05509999548826 676
-400.05509999548826 677
-400.05509999548826 678
-400.05509999548826 679
-400.0550999959638 680
-400.05509999610035 681
-400.05509999629874 682
-400.05509999629874 683
-400.05509999629874 684
-400.05509999629874 685
-400.05509999629874 686
-400.0550999963334 687
-400.05509999687513 688
-400.0550999972859 689
-400.05509999782623 690
-400.05509999782623 691
-400.05509999782623 692
-400.055099997836 693
-400.055099997836 694
-400.055099997836 695
-400.055099997854 696
-400.0550999983227 697
-400.0550999984225 698
-400.05509999871674 699
-400.05509999871674 700
-400.05509999889705 701
-400.05509999889705 702
-400.0550999989123 703
-400.0550999989123 704
-400.0550999989123 705
-400.0550999989123 706
-400.0550999989123 707
-400.0550999989123 708
-400.0550999989123 709
-400.05509999905667 710
-400.05509999905667 711
-400.05509999909134 712
-400.0550999991485 713
-400.0550999991485 714
-400.05509999923265 715
-400.05509999924243 716
-400.05509999924243 717
-400.05509999924243 718
-400.0550999993577 719
-400.0550999993577 720
-400.0550999993577 721
-400.0550999993577 722
-400.0550999993577 723
-400.0550999993577 724
-400.0550999993577 725
-400.0550999994241 726
-400.0550999994374 727
-400.0550999995048 728
-400.0550999995394 729
-400.0550999995394 730
-400.05509999955837 731
-400.05509999956234 732
-400.05509999956234 733
-400.05509999956234 734
-400.05509999957064 735
-400.05509999957417 736
-400.05509999957417 737
-400.05509999968285 738
-400.0550999996907 739
-400.0550999996907 740
-400.0550999996907 741
-400.0550999997 742
-400.0550999997098 743
-400.0550999997098 744
-400.0550999997098 745
-400.0550999997098 746
-400.05509999973583 747
-400.0550999997388 748
-400.05509999976107 749
-400.0550999997952 750
-400.0550999997952 751
-400.05509999981564 752
-400.05509999981564 753
-400.05509999984383 754
-400.0550999998586 755
-400.0550999998586 756
-400.0550999998586 757
-400.0550999998741 758
-400.0550999998741 759
-400.0550999998741 760
-400.0550999998741 761
-400.0550999998742 762
-400.05509999988874 763
-400.05509999988874 764
-400.05509999988874 765
-400.0550999998966 766
-400.0550999998966 767
-400.05509999989806 768
-400.0550999999009 769
-400.055099999915 770
-400.0550999999193 771
-400.0550999999273 772
-400.0550999999273 773
-400.0550999999416 774
-400.0550999999424 775
-400.0550999999447 776
-400.055099999945 777
-400.055099999945 778
-400.055099999945 779
-400.055099999945 780
-400.055099999945 781
-400.05509999994786 782
-400.05509999994877 783
-400.05509999994933 784
-400.0550999999515 785
-400.0550999999541 786
-400.0550999999541 787
-400.0550999999541 788
-400.0550999999541 789
-400.05509999996025 790
-400.05509999996025 791
-400.0550999999607 792
-400.0550999999607 793
-400.0550999999632 794
-400.0550999999638 795
-400.055099999965 796
-400.0550999999688 797
-400.05509999997037 798
-400.055099999974 799
-400.055099999975 800
-400.055099999975 801
-400.055099999975 802
-400.05509999997605 803
-400.05509999997605 804
-400.05509999998003 805
-400.05509999998003 806
-400.05509999998003 807
-400.05509999998003 808
-400.0550999999808 809
-400.0550999999808 810
-400.0550999999839 811
-400.0550999999839 812
-400.0550999999846 813
-400.0550999999846 814
-400.0550999999846 815
-400.0550999999846 816
-400.05509999998526 817
-400.0550999999873 818
-400.0550999999873 819
-400.0550999999873 820
-400.05509999998867 821
-400.05509999998867 822
-400.0550999999888 823
-400.0550999999896 824
-400.05509999999015 825
-400.05509999999015 826
-400.0550999999913 827
-400.0550999999916 828
-400.0550999999916 829
-400.0550999999932 830
-400.05509999999447 831
-400.05509999999447 832
-400.05509999999447 833
-400.05509999999447 834
-400.05509999999447 835
-400.0550999999946 836
-400.0550999999947 837
-400.0550999999948 838
-400.0550999999948 839
-400.05509999999504 840
-400.05509999999504 841
-400.05509999999515 842
-400.0550999999957 843
-400.05509999999583 844
-400.05509999999595 845
-400.0550999999965 846
-400.0550999999965 847
-400.0550999999965 848
-400.0550999999965 849
-400.05509999999686 850
-400.05509999999686 851
-400.0550999999971 852
-400.0550999999973 853
-400.05509999999754 854
-400.05509999999754 855
-400.05509999999754 856
-400.05509999999754 857
-400.05509999999754 858
-400.05509999999754 859
-400.05509999999765 860
-400.05509999999776 861
-400.05509999999856 862
-400.05509999999856 863
-400.05509999999856 864
-400.05509999999856 865
-400.05509999999856 866
-400.0550999999988 867
-400.0550999999988 868
-400.055099999999 869
-400.055099999999 870
-400.055099999999 871
-400.05509999999936 872
-400.05509999999936 873
-400.05509999999936 874
-400.05509999999936 875
-400.05509999999936 876
-400.05509999999936 877
-400.05509999999947 878
-400.0550999999997 879
-400.0550999999997 880
-400.0550999999997 881
-400.0550999999998 882
-400.0550999999998 883
-400.0550999999998 884
-400.0550999999998 885
-400.0550999999998 886
-400.0550999999998 887
-400.0550999999998 888
-400.0550999999998 889
-400.0550999999998 890
-400.0550999999998 891
-400.0550999999998 892
-400.0550999999998 893
-400.0550999999999 894
-400.0550999999999 895
-400.0550999999999 896
-400.0550999999999 897
-400.0550999999999 898
-400.0550999999999 899
-400.0550999999999 900
-400.0550999999999 901
-400.0550999999999 902
-400.0550999999999 903
-400.0550999999999 904
-400.0550999999999 905
-400.0550999999999 906
-400.0550999999999 907
-400.0550999999999 908
-400.0550999999999 909
-400.0550999999999 910
-400.0550999999999 911
-400.0550999999999 912
-400.0550999999999 913
-400.0550999999999 914
-400.0550999999999 915
-400.0550999999999 916
-400.0550999999999 917
-400.0550999999999 918
-400.0550999999999 919
-400.0550999999999 920
-400.0550999999999 921
-400.0550999999999 922
-400.0550999999999 923
-400.0550999999999 924
-400.0550999999999 925
-400.0550999999999 926
-400.0550999999999 927
-400.0550999999999 928
-400.0550999999999 929
-400.0550999999999 930
-400.0550999999999 931
-400.0550999999999 932
-400.0550999999999 933
-400.0550999999999 934
-400.0550999999999 935
-400.0550999999999 936
-400.0550999999999 937
-400.0550999999999 938
-400.0550999999999 939
-400.0550999999999 940
-400.0550999999999 941
-400.0550999999999 942
-400.0550999999999 943
-400.0550999999999 944
-400.0550999999999 945
-400.0550999999999 946
-400.0550999999999 947
-400.0550999999999 948
-400.0550999999999 949
-400.0550999999999 950
-400.0550999999999 951
-400.0550999999999 952
-400.0550999999999 953
-400.0550999999999 954
-400.0550999999999 955
-400.0550999999999 956
-400.0550999999999 957
-400.0550999999999 958
-400.0550999999999 959
-400.0550999999999 960
-400.0550999999999 961
-400.0550999999999 962
-400.0550999999999 963
-400.0550999999999 964
-400.0550999999999 965
-400.0550999999999 966
-400.0550999999999 967
-400.0550999999999 968
-400.0550999999999 969
-400.0550999999999 970
-400.0550999999999 971
-400.0550999999999 972
-400.0550999999999 973
-400.0550999999999 974
-400.0550999999999 975
-400.0550999999999 976
-400.0550999999999 977
-400.0550999999999 978
-400.0550999999999 979
-400.0550999999999 980
-400.0550999999999 981
-400.0550999999999 982
-400.0550999999999 983
-400.0550999999999 984
-400.0550999999999 985
-400.0550999999999 986
-400.0550999999999 987
-400.0550999999999 988
-400.0550999999999 989
-400.0550999999999 990
-400.0550999999999 991
-400.0550999999999 992
-400.0550999999999 993
-400.0550999999999 994
-400.0550999999999 995
-400.0550999999999 996
-400.0550999999999 997
-400.0550999999999 998
-400.0550999999999 999
-400.0550999999999 1000
-400.0550999999999 1001
-400.0550999999999 1002
-400.0550999999999 1003
-400.0550999999999 1004
-400.0550999999999 1005
-400.0550999999999 1006
-400.0550999999999 1007
-400.0550999999999 1008
-400.0550999999999 1009
-400.0550999999999 1010
-400.0550999999999 1011
-400.0550999999999 1012
-400.0550999999999 1013
-400.0550999999999 1014
-400.0550999999999 1015
-400.0550999999999 1016
-400.0550999999999 1017
-400.0550999999999 1018
-400.0550999999999 1019
-400.0550999999999 1020
-400.0550999999999 1021
-400.0550999999999 1022
-400.0550999999999 1023
-400.0550999999999 1024
-400.0550999999999 1025
-400.0550999999999 1026
-400.0550999999999 1027
-400.0550999999999 1028
-400.0550999999999 1029
-400.0550999999999 1030
-400.0550999999999 1031
-400.0550999999999 1032
-400.0550999999999 1033
-400.0550999999999 1034
-400.0550999999999 1035
-400.0550999999999 1036
-400.0550999999999 1037
-400.0550999999999 1038
-400.0550999999999 1039
-400.0550999999999 1040
-400.0550999999999 1041
-400.0550999999999 1042
-400.0550999999999 1043
-400.0550999999999 1044
-400.0550999999999 1045
-400.0550999999999 1046
-400.0550999999999 1047
-400.0550999999999 1048
-400.0550999999999 1049
-400.0550999999999 1050
-400.0550999999999 1051
-400.0550999999999 1052
-400.0550999999999 1053
-400.0550999999999 1054
-400.0550999999999 1055
-400.0550999999999 1056
-400.0550999999999 1057
-400.0550999999999 1058
-400.0550999999999 1059
-400.0550999999999 1060
-400.0550999999999 1061
-400.0550999999999 1062
-400.0550999999999 1063
-400.0550999999999 1064
-400.0550999999999 1065
-400.0550999999999 1066
-400.0550999999999 1067
-400.0550999999999 1068
-400.0550999999999 1069
-400.0550999999999 1070
-400.0550999999999 1071
-400.0550999999999 1072
-400.0550999999999 1073
-400.0550999999999 1074
-400.0550999999999 1075
-400.0550999999999 1076
-400.0550999999999 1077
-400.0550999999999 1078
-400.0550999999999 1079
-400.0550999999999 1080
-400.0550999999999 1081
-400.0550999999999 1082
-400.0550999999999 1083
-400.0550999999999 1084
-400.0550999999999 1085
-400.0550999999999 1086
-400.0550999999999 1087
-400.0550999999999 1088
-400.0550999999999 1089
-400.0550999999999 1090
-400.0550999999999 1091
-400.0550999999999 1092
-400.0550999999999 1093
-400.0550999999999 1094
-400.0550999999999 1095
-400.0550999999999 1096
-400.0550999999999 1097
-400.0550999999999 1098
-400.0550999999999 1099
-400.0550999999999 1100
-400.0550999999999 1101
-400.0550999999999 1102
-400.0550999999999 1103
-400.0550999999999 1104
-400.0550999999999 1105
-400.0550999999999 1106
-400.0550999999999 1107
-400.0550999999999 1108
-400.0550999999999 1109
-400.0550999999999 1110
-400.0550999999999 1111
-400.0550999999999 1112
-400.0550999999999 1113
-400.0550999999999 1114
-400.0550999999999 1115
-400.0550999999999 1116
-400.0550999999999 1117
-400.0550999999999 1118
-400.0550999999999 1119
-400.0550999999999 1120
-400.0550999999999 1121
-400.0550999999999 1122
-400.0550999999999 1123
-400.0550999999999 1124
-400.0550999999999 1125
-400.0550999999999 1126
-400.0550999999999 1127
-400.0550999999999 1128
-400.0550999999999 1129
-400.0550999999999 1130
-400.0550999999999 1131
-400.0550999999999 1132
-400.0550999999999 1133
-400.0550999999999 1134
-400.0550999999999 1135
-400.0550999999999 1136
-400.0550999999999 1137
-400.0550999999999 1138
-400.0550999999999 1139
-400.0550999999999 1140
-400.0550999999999 1141
-400.0550999999999 1142
-400.0550999999999 1143
-400.0550999999999 1144
-400.0550999999999 1145
-400.0550999999999 1146
-400.0550999999999 1147
-400.0550999999999 1148
-400.0550999999999 1149
-400.0550999999999 1150
-400.0550999999999 1151
-400.0550999999999 1152
-400.0550999999999 1153
-400.0550999999999 1154
-400.0550999999999 1155
-400.0550999999999 1156
-400.0550999999999 1157
-400.0550999999999 1158
-400.0550999999999 1159
-400.0550999999999 1160
-400.0550999999999 1161
-400.0550999999999 1162
-400.0550999999999 1163
-400.0550999999999 1164
-400.0550999999999 1165
-400.0550999999999 1166
-400.0550999999999 1167
-400.0550999999999 1168
-400.0550999999999 1169
-400.0550999999999 1170
-400.0550999999999 1171
-400.0550999999999 1172
-400.0550999999999 1173
-400.0550999999999 1174
-400.0550999999999 1175
-400.0550999999999 1176
-400.0550999999999 1177
-400.0550999999999 1178
-400.0550999999999 1179
-400.0550999999999 1180
-400.0550999999999 1181
-400.0550999999999 1182
-400.0550999999999 1183
-400.0550999999999 1184
-400.0550999999999 1185
-400.0550999999999 1186
-400.0550999999999 1187
-400.0550999999999 1188
-400.0550999999999 1189
-400.0550999999999 1190
-400.0550999999999 1191
-400.0550999999999 1192
-400.0550999999999 1193
-400.0550999999999 1194
-400.0550999999999 1195
-400.0550999999999 1196
-400.0550999999999 1197
-400.0550999999999 1198
-400.0550999999999 1199
-400.0550999999999 1200
-400.0550999999999 1201
-400.0550999999999 1202
-400.0550999999999 1203
-400.0550999999999 1204
-400.0550999999999 1205
-400.0550999999999 1206
-400.0550999999999 1207
-400.0550999999999 1208
-400.0550999999999 1209
-400.0550999999999 1210
-400.0550999999999 1211
-400.0550999999999 1212
-400.0550999999999 1213
-400.0550999999999 1214
-400.0550999999999 1215
-400.0550999999999 1216
-400.0550999999999 1217
-400.0550999999999 1218
-400.0550999999999 1219
-400.0550999999999 1220
-400.0550999999999 1221
-400.0550999999999 1222
-400.0550999999999 1223
-400.0550999999999 1224
-400.0550999999999 1225
-400.0550999999999 1226
-400.0550999999999 1227
-400.0550999999999 1228
-400.0550999999999 1229
-400.0550999999999 1230
-400.0550999999999 1231
-400.0550999999999 1232
-400.0550999999999 1233
-400.0550999999999 1234
-400.0550999999999 1235
-400.0550999999999 1236
-400.0550999999999 1237
-400.0550999999999 1238
-400.0550999999999 1239
-400.0550999999999 1240
-400.0550999999999 1241
-400.0550999999999 1242
-400.0550999999999 1243
-400.0550999999999 1244
-400.0550999999999 1245
-400.0550999999999 1246
-400.0550999999999 1247
-400.0550999999999 1248
-400.0550999999999 1249
-400.0550999999999 1250
-400.0550999999999 1251
-400.0550999999999 1252
-400.0550999999999 1253
-400.0550999999999 1254
-400.0550999999999 1255
-400.0550999999999 1256
-400.0550999999999 1257
-400.0550999999999 1258
-400.0550999999999 1259
-400.0550999999999 1260
-400.0550999999999 1261
-400.0550999999999 1262
-400.0550999999999 1263
-400.0550999999999 1264
-400.0550999999999 1265
-400.0550999999999 1266
-400.0550999999999 1267
-400.0550999999999 1268
-400.0550999999999 1269
-400.0550999999999 1270
-400.0550999999999 1271
-400.0550999999999 1272
-400.0550999999999 1273
-400.0550999999999 1274
-400.0550999999999 1275
-400.0550999999999 1276
-400.0550999999999 1277
-400.0550999999999 1278
-400.0550999999999 1279
-400.0550999999999 1280
-400.0550999999999 1281
-400.0550999999999 1282
-400.0550999999999 1283
-400.0550999999999 1284
-400.0550999999999 1285
-400.0550999999999 1286
-400.0550999999999 1287
-400.0550999999999 1288
-400.0550999999999 1289
-400.0550999999999 1290
-400.0550999999999 1291
-400.0550999999999 1292
-400.0550999999999 1293
-400.0550999999999 1294
-400.0550999999999 1295
-400.0550999999999 1296
-400.0550999999999 1297
-400.0550999999999 1298
-400.0550999999999 1299
-400.0550999999999 1300
-400.0550999999999 1301
-400.0550999999999 1302
-400.0550999999999 1303
-400.0550999999999 1304
-400.0550999999999 1305
-400.0550999999999 1306
-400.0550999999999 1307
-400.0550999999999 1308
-400.0550999999999 1309
-400.0550999999999 1310
-400.0550999999999 1311
-400.0550999999999 1312
-400.0550999999999 1313
-400.0550999999999 1314
-400.0550999999999 1315
-400.0550999999999 1316
-400.0550999999999 1317
-400.0550999999999 1318
-400.0550999999999 1319
-400.0550999999999 1320
-400.0550999999999 1321
-400.0550999999999 1322
-400.0550999999999 1323
-400.0550999999999 1324
-400.0550999999999 1325
-400.0550999999999 1326
-400.0550999999999 1327
-400.0550999999999 1328
-400.0550999999999 1329
-400.0550999999999 1330
-400.0550999999999 1331
-400.0550999999999 1332
-400.0550999999999 1333
-400.0550999999999 1334
-400.0550999999999 1335
-400.0550999999999 1336
-400.0550999999999 1337
-400.0550999999999 1338
-400.0550999999999 1339
-400.0550999999999 1340
-400.0550999999999 1341
-400.0550999999999 1342
-400.0550999999999 1343
-400.0550999999999 1344
-400.0550999999999 1345
-400.0550999999999 1346
-400.0550999999999 1347
-400.0550999999999 1348
-400.0550999999999 1349
-400.0550999999999 1350
-400.0550999999999 1351
-400.0550999999999 1352
-400.0550999999999 1353
-400.0550999999999 1354
-400.0550999999999 1355
-400.0550999999999 1356
-400.0550999999999 1357
-400.0550999999999 1358
-400.0550999999999 1359
-400.0550999999999 1360
-400.0550999999999 1361
-400.0550999999999 1362
-400.0550999999999 1363
-400.0550999999999 1364
-400.0550999999999 1365
-400.0550999999999 1366
-400.0550999999999 1367
-400.0550999999999 1368
-400.0550999999999 1369
-400.0550999999999 1370
-400.0550999999999 1371
-400.0550999999999 1372
-400.0550999999999 1373
-400.0550999999999 1374
-400.0550999999999 1375
-400.0550999999999 1376
-400.0550999999999 1377
-400.0550999999999 1378
-400.0550999999999 1379
-400.0550999999999 1380
-400.0550999999999 1381
-400.0550999999999 1382
-400.0550999999999 1383
-400.0550999999999 1384
-400.0550999999999 1385
-400.0550999999999 1386
-400.0550999999999 1387
-400.0550999999999 1388
-400.0550999999999 1389
-400.0550999999999 1390
-400.0550999999999 1391
-400.0550999999999 1392
-400.0550999999999 1393
-400.0550999999999 1394
-400.0550999999999 1395
-400.0550999999999 1396
-400.0550999999999 1397
-400.0550999999999 1398
-400.0550999999999 1399
-400.0550999999999 1400
-400.0550999999999 1401
-400.0550999999999 1402
-400.0550999999999 1403
-400.0550999999999 1404
-400.0550999999999 1405
-400.0550999999999 1406
-400.0550999999999 1407
-400.0550999999999 1408
-400.0550999999999 1409
-400.0550999999999 1410
-400.0550999999999 1411
-400.0550999999999 1412
-400.0550999999999 1413
-400.0550999999999 1414
-400.0550999999999 1415
-400.0550999999999 1416
-400.0550999999999 1417
-400.0550999999999 1418
-400.0550999999999 1419
-400.0550999999999 1420
-400.0550999999999 1421
-400.0550999999999 1422
-400.0550999999999 1423
-400.0550999999999 1424
-400.0550999999999 1425
-400.0550999999999 1426
-400.0550999999999 1427
-400.0550999999999 1428
-400.0550999999999 1429
-400.0550999999999 1430
-400.0550999999999 1431
-400.0550999999999 1432
-400.0550999999999 1433
-400.0550999999999 1434
-400.0550999999999 1435
-400.0550999999999 1436
-400.0550999999999 1437
-400.0550999999999 1438
-400.0550999999999 1439
-400.0550999999999 1440
-400.0550999999999 1441
-400.0550999999999 1442
-400.0550999999999 1443
-400.0550999999999 1444
-400.0550999999999 1445
-400.0550999999999 1446
-400.0550999999999 1447
-400.0550999999999 1448
-400.0550999999999 1449
-400.0550999999999 1450
-400.0550999999999 1451
-400.0550999999999 1452
-400.0550999999999 1453
-400.0550999999999 1454
-400.0550999999999 1455
-400.0550999999999 1456
-400.0550999999999 1457
-400.0550999999999 1458
-400.0550999999999 1459
-400.0550999999999 1460
-400.0550999999999 1461
-400.0550999999999 1462
-400.0550999999999 1463
-400.0550999999999 1464
-400.0550999999999 1465
-400.0550999999999 1466
-400.0550999999999 1467
-400.0550999999999 1468
-400.0550999999999 1469
-400.0550999999999 1470
-400.0550999999999 1471
-400.0550999999999 1472
-400.0550999999999 1473
-400.0550999999999 1474
-400.0550999999999 1475
-400.0550999999999 1476
-400.0550999999999 1477
-400.0550999999999 1478
-400.0550999999999 1479
-400.0550999999999 1480
-400.0550999999999 1481
-400.0550999999999 1482
-400.0550999999999 1483
-400.0550999999999 1484
-400.0550999999999 1485
-400.0550999999999 1486
-400.0550999999999 1487
-400.0550999999999 1488
-400.0550999999999 1489
-400.0550999999999 1490
-400.0550999999999 1491
-400.0550999999999 1492
-400.0550999999999 1493
-400.0550999999999 1494
-400.0550999999999 1495
-400.0550999999999 1496
-400.0550999999999 1497
-400.0550999999999 1498
-400.0550999999999 1499
-400.0550999999999 1500
-400.0550999999999 1501
-400.0550999999999 1502
-400.0550999999999 1503
-400.0550999999999 1504
-400.0550999999999 1505
-400.0550999999999 1506
-400.0550999999999 1507
-400.0550999999999 1508
-400.0550999999999 1509
-400.0550999999999 1510
-400.0550999999999 1511
-400.0550999999999 1512
-400.0550999999999 1513
-400.0550999999999 1514
-400.0550999999999 1515
-400.0550999999999 1516
-400.0550999999999 1517
-400.0550999999999 1518
-400.0550999999999 1519
-400.0550999999999 1520
-400.0550999999999 1521
-400.0550999999999 1522
-400.0550999999999 1523
-400.0550999999999 1524
-400.0550999999999 1525
-400.0550999999999 1526
-400.0550999999999 1527
-400.0550999999999 1528
-400.0550999999999 1529
-400.0550999999999 1530
-400.0550999999999 1531
-400.0550999999999 1532
-400.0550999999999 1533
-400.0550999999999 1534
-400.0550999999999 1535
-400.0550999999999 1536
-400.0550999999999 1537
-400.0550999999999 1538
-400.0550999999999 1539
-400.0550999999999 1540
-400.0550999999999 1541
-400.0550999999999 1542
-400.0550999999999 1543
-400.0550999999999 1544
-400.0550999999999 1545
-400.0550999999999 1546
-400.0550999999999 1547
-400.0550999999999 1548
-400.0550999999999 1549
-400.0550999999999 1550
-400.0550999999999 1551
-400.0550999999999 1552
-400.0550999999999 1553
-400.0550999999999 1554
-400.0550999999999 1555
-400.0550999999999 1556
-400.0550999999999 1557
-400.0550999999999 1558
-400.0550999999999 1559
-400.0550999999999 1560
-400.0550999999999 1561
-400.0550999999999 1562
-400.0550999999999 1563
-400.0550999999999 1564
-400.0550999999999 1565
-400.0550999999999 1566
-400.0550999999999 1567
-400.0550999999999 1568
-400.0550999999999 1569
-400.0550999999999 1570
-400.0550999999999 1571
-400.0550999999999 1572
-400.0550999999999 1573
-400.0550999999999 1574
-400.0550999999999 1575
-400.0550999999999 1576
-400.0550999999999 1577
-400.0550999999999 1578
-400.0550999999999 1579
-400.0550999999999 1580
-400.0550999999999 1581
-400.0550999999999 1582
-400.0550999999999 1583
-400.0550999999999 1584
-400.0550999999999 1585
-400.0550999999999 1586
-400.0550999999999 1587
-400.0550999999999 1588
-400.0550999999999 1589
-400.0550999999999 1590
-400.0550999999999 1591
-400.0550999999999 1592
-400.0550999999999 1593
-400.0550999999999 1594
-400.0550999999999 1595
-400.0550999999999 1596
-400.0550999999999 1597
-400.0550999999999 1598
-400.0550999999999 1599
-400.0550999999999 1600
-400.0550999999999 1601
-400.0550999999999 1602
-400.0550999999999 1603
-400.0550999999999 1604
-400.0550999999999 1605
-400.0550999999999 1606
-400.0550999999999 1607
-400.0550999999999 1608
-400.0550999999999 1609
-400.0550999999999 1610
-400.0550999999999 1611
-400.0550999999999 1612
-400.0550999999999 1613
-400.0550999999999 1614
-400.0550999999999 1615
-400.0550999999999 1616
-400.0550999999999 1617
-400.0550999999999 1618
-400.0550999999999 1619
-400.0550999999999 1620
-400.0550999999999 1621
-400.0550999999999 1622
-400.0550999999999 1623
-400.0550999999999 1624
-400.0550999999999 1625
-400.0550999999999 1626
-400.0550999999999 1627
-400.0550999999999 1628
-400.0550999999999 1629
-400.0550999999999 1630
-400.0550999999999 1631
-400.0550999999999 1632
-400.0550999999999 1633
-400.0550999999999 1634
-400.0550999999999 1635
-400.0550999999999 1636
-400.0550999999999 1637
-400.0550999999999 1638
-400.0550999999999 1639
-400.0550999999999 1640
-400.0550999999999 1641
-400.0550999999999 1642
-400.0550999999999 1643
-400.0550999999999 1644
-400.0550999999999 1645
-400.0550999999999 1646
-400.0550999999999 1647
-400.0550999999999 1648
-400.0550999999999 1649
-400.0550999999999 1650
-400.0550999999999 1651
-400.0550999999999 1652
-400.0550999999999 1653
-400.0550999999999 1654
-400.0550999999999 1655
-400.0550999999999 1656
-400.0550999999999 1657
-400.0550999999999 1658
-400.0550999999999 1659
-400.0550999999999 1660
-400.0550999999999 1661
-400.0550999999999 1662
-400.0550999999999 1663
-400.0550999999999 1664
-400.0550999999999 1665
-400.0550999999999 1666
-400.0550999999999 1667
-400.0550999999999 1668
-400.0550999999999 1669
-400.0550999999999 1670
-400.0550999999999 1671
-400.0550999999999 1672
-400.0550999999999 1673
-400.0550999999999 1674
-400.0550999999999 1675
-400.0550999999999 1676
-400.0550999999999 1677
-400.0550999999999 1678
-400.0550999999999 1679
-400.0550999999999 1680
-400.0550999999999 1681
-400.0550999999999 1682
-400.0550999999999 1683
-400.0550999999999 1684
-400.0550999999999 1685
-400.0550999999999 1686
-400.0550999999999 1687
-400.0550999999999 1688
-400.0550999999999 1689
-400.0550999999999 1690
-400.0550999999999 1691
-400.0550999999999 1692
-400.0550999999999 1693
-400.0550999999999 1694
-400.0550999999999 1695
-400.0550999999999 1696
-400.0550999999999 1697
-400.0550999999999 1698
-400.0550999999999 1699
-400.0550999999999 1700
-400.0550999999999 1701
-400.0550999999999 1702
-400.0550999999999 1703
-400.0550999999999 1704
-400.0550999999999 1705
-400.0550999999999 1706
-400.0550999999999 1707
-400.0550999999999 1708
-400.0550999999999 1709
-400.0550999999999 1710
-400.0550999999999 1711
-400.0550999999999 1712
-400.0550999999999 1713
-400.0550999999999 1714
-400.0550999999999 1715
-400.0550999999999 1716
-400.0550999999999 1717
-400.0550999999999 1718
-400.0550999999999 1719
-400.0550999999999 1720
-400.0550999999999 1721
-400.0550999999999 1722
-400.0550999999999 1723
-400.0550999999999 1724
-400.0550999999999 1725
-400.0550999999999 1726
-400.0550999999999 1727
-400.0550999999999 1728
-400.0550999999999 1729
-400.0550999999999 1730
-400.0550999999999 1731
-400.0550999999999 1732
-400.0550999999999 1733
-400.0550999999999 1734
-400.0550999999999 1735
-400.0550999999999 1736
-400.0550999999999 1737
-400.0550999999999 1738
-400.0550999999999 1739
-400.0550999999999 1740
-400.0550999999999 1741
-400.0550999999999 1742
-400.0550999999999 1743
-400.0550999999999 1744
-400.0550999999999 1745
-400.0550999999999 1746
-400.0550999999999 1747
-400.0550999999999 1748
-400.0550999999999 1749
-400.0550999999999 1750
-400.0550999999999 1751
-400.0550999999999 1752
-400.0550999999999 1753
-400.0550999999999 1754
-400.0550999999999 1755
-400.0550999999999 1756
-400.0550999999999 1757
-400.0550999999999 1758
-400.0550999999999 1759
-400.0550999999999 1760
-400.0550999999999 1761
-400.0550999999999 1762
-400.0550999999999 1763
-400.0550999999999 1764
-400.0550999999999 1765
-400.0550999999999 1766
-400.0550999999999 1767
-400.0550999999999 1768
-400.0550999999999 1769
-400.0550999999999 1770
-400.0550999999999 1771
-400.0550999999999 1772
-400.0550999999999 1773
-400.0550999999999 1774
-400.0550999999999 1775
-400.0550999999999 1776
-400.0550999999999 1777
-400.0550999999999 1778
-400.0550999999999 1779
-400.0550999999999 1780
-400.0550999999999 1781
-400.0550999999999 1782
-400.0550999999999 1783
-400.0550999999999 1784
-400.0550999999999 1785
