8.918712031540032 5
5.040285892420287 10
-0.3394543723434138 19
5.942799647829629 20
-0.8288600978379352 22
2.8655080218623716 24
4.655332228336406 37
-0.08173172738131829 38
-0.5071494419919876 48
6.596858037802411 52
1.624187044098915 60
-0.4492432854352547 66
0.40007263071208177 67
2.975066451338362 68
1.585713314712442 69
-0.4386637649364731 70
-0.011100640212789364 74
-0.8186453642884697 75
-0.8118002037796017 78
-0.6684720619636147 80
0.004849258343243457 84
-0.34692344262628755 85
-0.012637202698344507 89
-0.4658190783095745 90
-0.5288007747047986 92
-0.4185827880282861 97
-0.04971755435753589 98
-0.4764061009047639 99
-0.2571915556243655 100
-0.23887869508963983 101
-0.29186829751965326 103
-0.3958962116786487 104
-0.3958962116786487 105
-0.3958962116786487 106
-0.3958962116786487 107
-0.4516483971684482 108
-0.4516483971684482 109
-0.4516483971684482 110
-0.4516483971684482 111
-0.4516483971684482 112
-0.4516483971684482 113
-0.4516483971684482 114
-0.4516483971684482 115
-0.4516483971684482 116
-0.48234207144511687 117
-0.622562783441677 118
-0.7086333122812853 119
-0.7086333122812853 120
-0.7086333122812853 121
-0.7086333122812853 122
-0.7086333122812853 123
-0.7086333122812853 124
-0.7086333122812853 125
-0.7086333122812853 126
-0.7086333122812853 127
-0.7086333122812853 128
-0.7086333122812853 129
-0.7086333122812853 130
-0.735006269324598 131
-0.735006269324598 132
-0.7372826382620901 133
-0.7411815618999876 134
-0.7411815618999876 135
-0.7411815618999876 136
-0.7411815618999876 137
-0.7411815618999876 138
-0.7411815618999876 139
-0.7737141427170717 140
-0.8082957688113961 141
-0.8082957688113961 142
-0.8082957688113961 143
-0.8231257990571634 144
-0.8231257990571634 145
-0.8231257990571634 146
-0.8231257990571634 147
-0.8231257990571634 148
-0.8231257990571634 149
-0.8231257990571634 150
-0.8305284981231774 151
-0.8305284981231774 152
-0.8305284981231774 153
-0.8311303771219927 154
-0.8421297787187682 155
-0.8421297787187682 156
-0.8421297787187682 157
-0.8421297787187682 158
-0.8421297787187682 159
-0.8421297787187682 160
-0.8421297787187682 161
-0.8421297787187682 162
-0.8421297787187682 163
-0.8421297787187682 164
-0.8421297787187682 165
-0.8421297787187682 166
-0.8469775171658441 167
-0.8498028995486877 168
-0.8498028995486877 169
-0.8498028995486877 170
-0.8498028995486877 171
-0.8498028995486877 172
-0.8512117302441091 173
-0.8552277678439164 174
-0.8552277678439164 175
-0.8552277678439164 176
-0.8574297456180378 177
-0.8574297456180378 178
-0.8581133738220209 179
-0.859590304546205 180
-0.859590304546205 181
-0.859590304546205 182
-0.859590304546205 183
-0.859590304546205 184
-0.859590304546205 185
-0.8598532835373175 186
-0.8598532835373175 187
-0.8598532835373175 188
-0.8598532835373175 189
-0.8598532835373175 190
-0.8598532835373175 191
-0.8599795971830605 192
-0.8599903870756975 193
-0.8615643005536555 194
-0.8622854970549623 195
-0.8622854970549623 196
-0.8622854970549623 197
-0.8622854970549623 198
-0.8622854970549623 199
-0.862398094421745 200
-0.862398094421745 201
-0.8631299069844405 202
-0.8631299069844405 203
-0.8637415980842625 204
-0.8637415980842625 205
-0.8637415980842625 206
-0.8637415980842625 207
-0.8637415980842625 208
-0.8637415980842625 209
-0.8637415980842625 210
-0.8640389956547524 211
-0.8640389956547524 212
-0.8640389956547524 213
-0.8640389956547524 214
-0.8640389956547524 215
-0.8640389956547524 216
-0.8646418400812022 217
-0.8648792072377032 218
-0.8648792072377032 219
-0.8648792072377032 220
-0.8648792072377032 221
-0.8648792072377032 222
-0.8648792072377032 223
-0.8648792072377032 224
-0.8648792072377032 225
-0.8648792072377032 226
-0.8648792072377032 227
-0.8648792072377032 228
-0.8648792072377032 229
-0.8648792072377032 230
-0.8648792072377032 231
-0.8653103520282829 232
-0.8653103520282829 233
-0.8653103520282829 234
-0.8653103520282829 235
-0.8653103520282829 236
-0.865390795987558 237
-0.865390795987558 238
-0.865390795987558 239
-0.865390795987558 240
-0.8654480099281762 241
-0.8654480099281762 242
-0.8654480099281762 243
-0.8654480099281762 244
-0.8654480099281762 245
-0.8654480099281762 246
-0.8654480099281762 247
-0.8654480099281762 248
-0.8654480099281762 249
-0.8654480099281762 250
-0.8654480099281762 251
-0.8654480099281762 252
-0.8655012947986376 253
-0.8655012947986376 254
-0.8656168900219606 255
-0.8656168900219606 256
-0.8656873493972755 257
-0.8657025609569963 258
-0.865718188740707 259
-0.8657287573954822 260
-0.8657967971489164 261
-0.8657967971489164 262
-0.8657967971489164 263
-0.8657967971489164 264
-0.865852317753599 265
-0.865852317753599 266
-0.8658710018041048 267
-0.8658710018041048 268
-0.8658710018041048 269
-0.8658710018041048 270
-0.8658710018041048 271
-0.8658939180464543 272
-0.8659033039336494 273
-0.8659300090058549 274
-0.8659477694214114 275
-0.8659477694214114 276
-0.8659770732869161 277
-0.8659770732869161 278
-0.8659770732869161 279
-0.865979958355128 280
-0.8659817837473338 281
-0.8659817837473338 282
-0.8659817837473338 283
-0.8659817837473338 284
-0.8659817837473338 285
-0.865983983124898 286
-0.8660020669242021 287
-0.8660020669242021 288
-0.8660020669242021 289
-0.8660020669242021 290
-0.8660029713319306 291
-0.8660029713319306 292
-0.8660090776897783 293
-0.8660090776897783 294
-0.8660090776897783 295
-0.8660090776897783 296
-0.8660090776897783 297
-0.866011031353978 298
-0.866011031353978 299
-0.866011031353978 300
-0.866011031353978 301
-0.8660117250851196 302
-0.8660130716758581 303
-0.8660130716758581 304
-0.8660130716758581 305
-0.8660137323506694 306
-0.8660137323506694 307
-0.8660137323506694 308
-0.8660137323506694 309
-0.8660151441644085 310
-0.8660182051178227 311
-0.8660182051178227 312
-0.8660182051178227 313
-0.8660184526682427 314
-0.8660184526682427 315
-0.8660184526682427 316
-0.8660184526682427 317
-0.8660184526682427 318
-0.8660184526682427 319
-0.8660214048474613 320
-0.8660214048474613 321
-0.8660214048474613 322
-0.8660214048474613 323
-0.8660214048474613 324
-0.8660214048474613 325
-0.8660214048474613 326
-0.8660219154326518 327
-0.8660219154326518 328
-0.8660219154326518 329
-0.8660230014962748 330
-0.8660240117262666 331
-0.8660240117262666 332
-0.8660240117262666 333
-0.8660240117262666 334
-0.8660240117262666 335
-0.8660240117262666 336
-0.8660240117262666 337
-0.8660240117262666 338
-0.8660240117262666 339
-0.8660240117262666 340
-0.8660240117262666 341
-0.8660240117262666 342
-0.8660240117262666 343
-0.8660240117262666 344
-0.8660240117262666 345
-0.8660240117262666 346
-0.8660240117262666 347
-0.8660240117262666 348
-0.8660240117262666 349
-0.8660240117262666 350
-0.8660240117262666 351
-0.866024215243849 352
-0.8660243129251773 353
-0.866024362487516 354
-0.8660245643437461 355
-0.8660245643437461 356
-0.8660250022694165 357
-0.8660250022694165 358
-0.8660250022694165 359
-0.8660250022694165 360
-0.8660250022694165 361
-0.8660250022694165 362
-0.8660250022694165 363
-0.8660250022694165 364
-0.8660250390581163 365
-0.8660250390581163 366
-0.8660250390581163 367
-0.8660251134799868 368
-0.8660251134799868 369
-0.8660251249770718 370
-0.8660251249770718 371
-0.8660251249770718 372
-0.8660251249770718 373
-0.8660251249770718 374
-0.8660251249770718 375
-0.8660251249770718 376
-0.8660251336730775 377
-0.8660251336730775 378
-0.8660251876194481 379
-0.8660251944107307 380
-0.8660252890222333 381
-0.8660252890222333 382
-0.8660252890222333 383
-0.8660253465519557 384
-0.8660253465519557 385
-0.8660253465519557 386
-0.8660253465519557 387
-0.8660253465519557 388
-0.8660253465519557 389
-0.8660253465519557 390
-0.8660253465519557 391
-0.8660253465519557 392
-0.8660253465519557 393
-0.8660253465519557 394
-0.8660253465519557 395
-0.8660253465519557 396
-0.8660253465519557 397
-0.8660253465519557 398
-0.8660253482873657 399
-0.8660253482873657 400
-0.8660253482873657 401
-0.8660253576020422 402
-0.8660253576020422 403
-0.8660253576020422 404
-0.8660253734152632 405
-0.8660253734152632 406
-0.8660253734152632 407
-0.8660253734152632 408
-0.8660253734152632 409
-0.8660253734152632 410
-0.8660253734152632 411
-0.8660253749783835 412
-0.8660253758584969 413
-0.8660253817041117 414
-0.8660253817041117 415
-0.8660253817041117 416
-0.8660253817041117 417
-0.8660253817041117 418
-0.8660253817041117 419
-0.8660253848818712 420
-0.8660253912866881 421
-0.8660253914777256 422
-0.8660253914777256 423
-0.8660253923870018 424
-0.8660253923870018 425
-0.8660253923870018 426
-0.8660253923870018 427
-0.866025392545925 428
-0.8660253936705419 429
-0.8660253936705419 430
-0.8660253936705419 431
-0.8660253980993347 432
-0.8660253980993347 433
-0.8660253980993347 434
-0.8660253980993347 435
-0.8660253980993347 436
-0.8660254000843779 437
-0.8660254000843779 438
-0.8660254000843779 439
-0.8660254000843779 440
-0.8660254000843779 441
-0.8660254000843779 442
-0.8660254000843779 443
-0.8660254000843779 444
-0.8660254001606844 445
-0.8660254004353873 446
-0.8660254014320614 447
-0.8660254014320614 448
-0.8660254014320614 449
-0.8660254014320614 450
-0.8660254014320614 451
-0.8660254014320614 452
-0.8660254014320614 453
-0.8660254024326377 454
-0.8660254024326377 455
-0.8660254024326377 456
-0.8660254024326377 457
-0.8660254024326377 458
-0.8660254024326377 459
-0.8660254024326377 460
-0.8660254024326377 461
-0.8660254024326377 462
-0.8660254024326377 463
-0.8660254024326377 464
-0.8660254024326377 465
-0.8660254024326377 466
-0.8660254024326377 467
-0.8660254025431312 468
-0.8660254032754837 469
-0.8660254032754837 470
-0.8660254032754837 471
-0.8660254033848533 472
-0.8660254033848533 473
-0.8660254033848533 474
-0.8660254033848533 475
-0.8660254033848533 476
-0.8660254033848533 477
-0.8660254033848533 478
-0.8660254033848533 479
-0.8660254033848533 480
-0.8660254033848533 481
-0.8660254035122912 482
-0.8660254035122912 483
-0.8660254035122912 484
-0.8660254035122912 485
-0.8660254035122912 486
-0.8660254035274146 487
-0.8660254035650892 488
-0.8660254036063246 489
-0.8660254036286463 490
-0.8660254036286463 491
-0.8660254036313952 492
-0.8660254036313952 493
-0.8660254036313952 494
-0.8660254036313952 495
-0.8660254036847433 496
-0.8660254036847433 497
-0.8660254036847433 498
-0.8660254036847433 499
-0.8660254036847433 500
-0.8660254036847433 501
-0.8660254036847433 502
-0.8660254036847433 503
-0.8660254036847433 504
-0.866025403719542 505
-0.866025403719542 506
-0.866025403719542 507
-0.8660254037270342 508
-0.8660254037270342 509
-0.8660254037270342 510
-0.8660254037270342 511
-0.8660254037270342 512
-0.8660254037270342 513
-0.8660254037270342 514
-0.8660254037270342 515
-0.866025403731464 516
-0.866025403731464 517
-0.866025403731464 518
-0.866025403731464 519
-0.8660254037345785 520
-0.8660254037345785 521
-0.8660254037345785 522
-0.8660254037345785 523
-0.8660254037345785 524
-0.8660254037422046 525
-0.8660254037422046 526
-0.8660254037538888 527
-0.8660254037538888 528
-0.8660254037538888 529
-0.8660254037538888 530
-0.8660254037538888 531
-0.8660254037538888 532
-0.8660254037585358 533
-0.8660254037643808 534
-0.8660254037643808 535
-0.8660254037681554 536
-0.8660254037681554 537
-0.8660254037681554 538
-0.8660254037681554 539
-0.8660254037681554 540
-0.8660254037681554 541
-0.8660254037681554 542
-0.8660254037681554 543
-0.8660254037681554 544
-0.866025403770128 545
-0.866025403770128 546
-0.866025403770128 547
-0.866025403770128 548
-0.866025403770128 549
-0.866025403770128 550
-0.866025403770128 551
-0.8660254037734174 552
-0.8660254037734174 553
-0.8660254037734174 554
-0.8660254037734174 555
-0.8660254037734174 556
-0.8660254037734694 557
-0.8660254037734694 558
-0.8660254037734694 559
-0.8660254037751829 560
-0.8660254037756967 561
-0.8660254037774927 562
-0.8660254037786659 563
-0.8660254037786659 564
-0.8660254037786659 565
-0.8660254037786659 566
-0.8660254037788803 567
-0.8660254037807207 568
-0.866025403780776 569
-0.866025403781269 570
-0.866025403781269 571
-0.866025403781269 572
-0.8660254037815193 573
-0.8660254037816884 574
-0.8660254037816884 575
-0.8660254037816884 576
-0.8660254037832421 577
-0.8660254037832421 578
-0.8660254037832421 579
-0.8660254037832421 580
-0.8660254037832421 581
-0.8660254037832421 582
-0.8660254037832421 583
-0.8660254037832421 584
-0.8660254037832421 585
-0.8660254037832421 586
-0.8660254037832421 587
-0.8660254037832421 588
-0.8660254037832421 589
-0.8660254037834436 590
-0.8660254037834436 591
-0.8660254037834436 592
-0.8660254037834436 593
-0.8660254037834436 594
-0.8660254037834436 595
-0.8660254037834436 596
-0.8660254037834436 597
-0.8660254037834436 598
-0.8660254037836457 599
-0.8660254037837338 600
-0.8660254037837338 601
-0.8660254037837338 602
-0.8660254037837338 603
-0.8660254037837338 604
-0.8660254037837338 605
-0.8660254037837338 606
-0.8660254037838736 607
-0.8660254037839231 608
-0.8660254037839231 609
-0.8660254037839231 610
-0.8660254037839231 611
-0.8660254037839998 612
-0.8660254037839998 613
-0.8660254037839998 614
-0.8660254037839998 615
-0.8660254037839998 616
-0.8660254037839998 617
-0.866025403784018 618
-0.866025403784018 619
-0.8660254037840182 620
-0.8660254037841015 621
-0.8660254037841015 622
-0.8660254037841015 623
-0.8660254037841073 624
-0.8660254037841073 625
-0.8660254037841381 626
-0.8660254037841467 627
-0.8660254037841763 628
-0.8660254037841946 629
-0.8660254037842597 630
-0.8660254037842747 631
-0.8660254037842916 632
-0.8660254037842916 633
-0.8660254037842916 634
-0.8660254037842916 635
-0.8660254037842916 636
-0.8660254037843131 637
-0.8660254037843167 638
-0.8660254037843295 639
-0.8660254037843382 640
-0.8660254037843516 641
-0.8660254037843598 642
-0.8660254037843598 643
-0.8660254037843598 644
-0.8660254037843598 645
-0.86602540378436 646
-0.8660254037843758 647
-0.8660254037843758 648
-0.8660254037843758 649
-0.8660254037843758 650
-0.8660254037843758 651
-0.8660254037843758 652
-0.8660254037843885 653
-0.8660254037843885 654
-0.8660254037843885 655
-0.8660254037843885 656
-0.8660254037843989 657
-0.8660254037844028 658
-0.8660254037844028 659
-0.8660254037844173 660
-0.8660254037844173 661
-0.8660254037844173 662
-0.8660254037844173 663
-0.8660254037844173 664
-0.8660254037844173 665
-0.8660254037844173 666
-0.8660254037844173 667
-0.8660254037844173 668
-0.8660254037844173 669
-0.8660254037844173 670
-0.8660254037844182 671
-0.8660254037844203 672
-0.8660254037844203 673
-0.8660254037844203 674
-0.8660254037844217 675
-0.8660254037844248 676
-0.8660254037844248 677
-0.8660254037844285 678
-0.8660254037844285 679
-0.8660254037844285 680
-0.8660254037844285 681
-0.8660254037844285 682
-0.8660254037844285 683
-0.8660254037844288 684
-0.8660254037844307 685
-0.8660254037844307 686
-0.8660254037844307 687
-0.8660254037844307 688
-0.8660254037844315 689
-0.8660254037844315 690
-0.8660254037844328 691
-0.8660254037844328 692
-0.8660254037844328 693
-0.866025403784433 694
-0.8660254037844348 695
-0.8660254037844348 696
-0.8660254037844348 697
-0.8660254037844348 698
-0.8660254037844348 699
-0.8660254037844348 700
-0.8660254037844348 701
-0.8660254037844348 702
-0.8660254037844349 703
-0.8660254037844349 704
-0.8660254037844349 705
-0.8660254037844349 706
-0.8660254037844349 707
-0.8660254037844354 708
-0.8660254037844354 709
-0.866025403784436 710
-0.8660254037844363 711
-0.8660254037844363 712
-0.8660254037844363 713
-0.8660254037844363 714
-0.866025403784437 715
-0.866025403784437 716
-0.866025403784437 717
-0.8660254037844372 718
-0.8660254037844372 719
-0.8660254037844372 720
-0.8660254037844372 721
-0.8660254037844372 722
-0.8660254037844372 723
-0.8660254037844372 724
-0.8660254037844372 725
-0.8660254037844372 726
-0.8660254037844372 727
-0.8660254037844372 728
-0.8660254037844382 729
-0.8660254037844382 730
-0.8660254037844382 731
-0.8660254037844382 732
-0.8660254037844382 733
-0.8660254037844382 734
-0.8660254037844382 735
-0.8660254037844382 736
-0.8660254037844382 737
-0.8660254037844382 738
-0.8660254037844382 739
-0.8660254037844382 740
-0.8660254037844382 741
-0.8660254037844382 742
-0.8660254037844382 743
-0.8660254037844382 744
-0.8660254037844382 745
-0.8660254037844382 746
-0.8660254037844382 747
-0.8660254037844382 748
-0.8660254037844383 749
-0.8660254037844383 750
-0.8660254037844383 751
-0.8660254037844383 752
-0.8660254037844383 753
-0.8660254037844383 754
-0.8660254037844383 755
-0.8660254037844383 756
-0.8660254037844385 757
-0.8660254037844385 758
-0.8660254037844385 759
-0.8660254037844385 760
-0.8660254037844385 761
-0.8660254037844385 762
-0.8660254037844385 763
-0.8660254037844385 764
-0.8660254037844385 765
-0.8660254037844385 766
-0.8660254037844386 767
-0.8660254037844386 768
-0.8660254037844386 769
-0.8660254037844386 770
-0.8660254037844386 771
-0.8660254037844386 772
-0.8660254037844386 773
-0.8660254037844386 774
-0.8660254037844386 775
-0.8660254037844386 776
-0.8660254037844386 777
-0.8660254037844386 778
-0.8660254037844386 779
-0.8660254037844386 780
-0.8660254037844386 781
-0.8660254037844386 782
-0.8660254037844386 783
-0.8660254037844386 784
-0.8660254037844386 785
-0.8660254037844387 786
-0.8660254037844387 787
-0.8660254037844387 788
-0.8660254037844387 789
-0.8660254037844387 790
-0.8660254037844387 791
-0.8660254037844387 792
-0.8660254037844387 793
-0.8660254037844387 794
-0.8660254037844387 795
-0.8660254037844387 796
-0.8660254037844387 797
-0.8660254037844387 798
-0.8660254037844387 799
-0.8660254037844387 800
-0.8660254037844387 801
-0.8660254037844387 802
-0.8660254037844387 803
-0.8660254037844387 804
-0.8660254037844387 805
-0.8660254037844387 806
-0.8660254037844387 807
-0.8660254037844387 808
-0.8660254037844387 809
-0.8660254037844387 810
-0.8660254037844387 811
-0.8660254037844387 812
-0.8660254037844387 813
-0.8660254037844387 814
-0.8660254037844387 815
-0.8660254037844387 816
-0.8660254037844387 817
-0.8660254037844387 818
-0.8660254037844387 819
-0.8660254037844387 820
-0.8660254037844387 821
-0.8660254037844387 822
-0.8660254037844387 823
-0.8660254037844387 824
-0.8660254037844387 825
-0.8660254037844387 826
-0.8660254037844387 827
-0.8660254037844387 828
-0.8660254037844387 829
-0.8660254037844387 830
-0.8660254037844387 831
-0.8660254037844387 832
-0.8660254037844387 833
-0.8660254037844387 834
-0.8660254037844387 835
-0.8660254037844387 836
-0.8660254037844387 837
-0.8660254037844387 838
-0.8660254037844387 839
-0.8660254037844387 840
-0.8660254037844387 841
-0.8660254037844387 842
-0.8660254037844387 843
-0.8660254037844387 844
-0.8660254037844387 845
-0.8660254037844387 846
-0.8660254037844387 847
-0.8660254037844387 848
-0.8660254037844387 849
-0.8660254037844387 850
-0.8660254037844387 851
-0.8660254037844387 852
-0.8660254037844387 853
-0.8660254037844387 854
-0.8660254037844387 855
-0.8660254037844387 856
-0.8660254037844387 857
-0.8660254037844387 858
-0.8660254037844387 859
-0.8660254037844387 860
-0.8660254037844387 861
-0.8660254037844387 862
-0.8660254037844387 863
-0.8660254037844387 864
-0.8660254037844387 865
-0.8660254037844387 866
-0.8660254037844387 867
-0.8660254037844387 868
-0.8660254037844387 869
-0.8660254037844387 870
-0.8660254037844387 871
-0.8660254037844387 872
-0.8660254037844387 873
-0.8660254037844387 874
-0.8660254037844387 875
-0.8660254037844387 876
-0.8660254037844387 877
-0.8660254037844387 878
-0.8660254037844387 879
-0.8660254037844387 880
-0.8660254037844387 881
-0.8660254037844387 882
-0.8660254037844387 883
-0.8660254037844387 884
-0.8660254037844387 885
-0.8660254037844387 886
-0.8660254037844387 887
-0.8660254037844387 888
-0.8660254037844387 889
-0.8660254037844387 890
-0.8660254037844387 891
-0.8660254037844387 892
-0.8660254037844387 893
-0.8660254037844387 894
-0.8660254037844387 895
-0.8660254037844387 896
-0.8660254037844387 897
-0.8660254037844387 898
-0.8660254037844387 899
-0.8660254037844387 900
-0.8660254037844387 901
-0.8660254037844387 902
-0.8660254037844387 903
-0.8660254037844387 904
-0.8660254037844387 905
-0.8660254037844387 906
-0.8660254037844387 907
-0.8660254037844387 908
-0.8660254037844387 909
-0.8660254037844387 910
-0.8660254037844387 911
-0.8660254037844387 912
-0.8660254037844387 913
-0.8660254037844387 914
-0.8660254037844387 915
-0.8660254037844387 916
-0.8660254037844387 917
-0.8660254037844387 918
-0.8660254037844387 919
-0.8660254037844387 920
-0.8660254037844387 921
-0.8660254037844387 922
-0.8660254037844387 923
-0.8660254037844387 924
-0.8660254037844387 925
-0.8660254037844387 926
-0.8660254037844387 927
-0.8660254037844387 928
-0.8660254037844387 929
-0.8660254037844387 930
-0.8660254037844387 931
-0.8660254037844387 932
-0.8660254037844387 933
-0.8660254037844387 934
-0.8660254037844387 935
-0.8660254037844387 936
-0.8660254037844387 937
-0.8660254037844387 938
-0.8660254037844387 939
-0.8660254037844387 940
-0.8660254037844387 941
-0.8660254037844387 942
-0.8660254037844387 943
-0.8660254037844387 944
-0.8660254037844387 945
-0.8660254037844387 946
-0.8660254037844387 947
-0.8660254037844387 948
-0.8660254037844387 949
-0.8660254037844387 950
-0.8660254037844387 951
-0.8660254037844387 952
-0.8660254037844387 953
-0.8660254037844387 954
-0.8660254037844387 955
-0.8660254037844387 956
-0.8660254037844387 957
-0.8660254037844387 958
-0.8660254037844387 959
-0.8660254037844387 960
-0.8660254037844387 961
-0.8660254037844387 962
-0.8660254037844387 963
-0.8660254037844387 964
-0.8660254037844387 965
-0.8660254037844387 966
-0.8660254037844387 967
-0.8660254037844387 968
-0.8660254037844387 969
-0.8660254037844387 970
-0.8660254037844387 971
-0.8660254037844387 972
-0.8660254037844387 973
-0.8660254037844387 974
-0.8660254037844387 975
-0.8660254037844387 976
-0.8660254037844387 977
-0.8660254037844387 978
-0.8660254037844387 979
-0.8660254037844387 980
-0.8660254037844387 981
-0.8660254037844387 982
-0.8660254037844387 983
-0.8660254037844387 984
-0.8660254037844387 985
-0.8660254037844387 986
-0.8660254037844387 987
-0.8660254037844387 988
-0.8660254037844387 989
-0.8660254037844387 990
-0.8660254037844387 991
-0.8660254037844387 992
-0.8660254037844387 993
-0.8660254037844387 994
-0.8660254037844387 995
-0.8660254037844387 996
-0.8660254037844387 997
-0.8660254037844387 998
-0.8660254037844387 999
-0.8660254037844387 1000
-0.8660254037844387 1001
-0.8660254037844387 1002
-0.8660254037844387 1003
-0.8660254037844387 1004
-0.8660254037844387 1005
-0.8660254037844387 1006
-0.8660254037844387 1007
-0.8660254037844387 1008
-0.8660254037844387 1009
-0.8660254037844387 1010
-0.8660254037844387 1011
-0.8660254037844387 1012
-0.8660254037844387 1013
-0.8660254037844387 1014
-0.8660254037844387 1015
-0.8660254037844387 1016
-0.8660254037844387 1017
-0.8660254037844387 1018
-0.8660254037844387 1019
-0.8660254037844387 1020
-0.8660254037844387 1021
-0.8660254037844387 1022
-0.8660254037844387 1023
-0.8660254037844387 1024
-0.8660254037844387 1025
-0.8660254037844387 1026
-0.8660254037844387 1027
-0.8660254037844387 1028
-0.8660254037844387 1029
-0.8660254037844387 1030
-0.8660254037844387 1031
-0.8660254037844387 1032
-0.8660254037844387 1033
-0.8660254037844387 1034
-0.8660254037844387 1035
-0.8660254037844387 1036
-0.8660254037844387 1037
-0.8660254037844387 1038
-0.8660254037844387 1039
-0.8660254037844387 1040
-0.8660254037844387 1041
-0.8660254037844387 1042
-0.8660254037844387 1043
-0.8660254037844387 1044
-0.8660254037844387 1045
-0.8660254037844387 1046
-0.8660254037844387 1047
-0.8660254037844387 1048
-0.8660254037844387 1049
-0.8660254037844387 1050
-0.8660254037844387 1051
-0.8660254037844387 1052
-0.8660254037844387 1053
-0.8660254037844387 1054
-0.8660254037844387 1055
-0.8660254037844387 1056
-0.8660254037844387 1057
-0.8660254037844387 1058
-0.8660254037844387 1059
-0.8660254037844387 1060
-0.8660254037844387 1061
-0.8660254037844387 1062
-0.8660254037844387 1063
-0.8660254037844387 1064
-0.8660254037844387 1065
-0.8660254037844387 1066
-0.8660254037844387 1067
-0.8660254037844387 1068
-0.8660254037844387 1069
-0.8660254037844387 1070
-0.8660254037844387 1071
-0.8660254037844387 1072
-0.8660254037844387 1073
-0.8660254037844387 1074
-0.8660254037844387 1075
-0.8660254037844387 1076
-0.8660254037844387 1077
-0.8660254037844387 1078
-0.8660254037844387 1079
-0.8660254037844387 1080
-0.8660254037844387 1081
-0.8660254037844387 1082
-0.8660254037844387 1083
-0.8660254037844387 1084
-0.8660254037844387 1085
-0.8660254037844387 1086
-0.8660254037844387 1087
-0.8660254037844387 1088
-0.8660254037844387 1089
-0.8660254037844387 1090
-0.8660254037844387 1091
-0.8660254037844387 1092
-0.8660254037844387 1093
-0.8660254037844387 1094
-0.8660254037844387 1095
-0.8660254037844387 1096
-0.8660254037844387 1097
-0.8660254037844387 1098
-0.8660254037844387 1099
-0.8660254037844387 1100
-0.8660254037844387 1101
-0.8660254037844387 1102
-0.8660254037844387 1103
-0.8660254037844387 1104
-0.8660254037844387 1105
-0.8660254037844387 1106
-0.8660254037844387 1107
-0.8660254037844387 1108
-0.8660254037844387 1109
-0.8660254037844387 1110
-0.8660254037844387 1111
-0.8660254037844387 1112
-0.8660254037844387 1113
-0.8660254037844387 1114
-0.8660254037844387 1115
-0.8660254037844387 1116
-0.8660254037844387 1117
-0.8660254037844387 1118
-0.8660254037844387 1119
-0.8660254037844387 1120
-0.8660254037844387 1121
-0.8660254037844387 1122
-0.8660254037844387 1123
-0.8660254037844387 1124
-0.8660254037844387 1125
-0.8660254037844387 1126
-0.8660254037844387 1127
-0.8660254037844387 1128
-0.8660254037844387 1129
-0.8660254037844387 1130
-0.8660254037844387 1131
-0.8660254037844387 1132
-0.8660254037844387 1133
-0.8660254037844387 1134
-0.8660254037844387 1135
-0.8660254037844387 1136
-0.8660254037844387 1137
-0.8660254037844387 1138
-0.8660254037844387 1139
-0.8660254037844387 1140
-0.8660254037844387 1141
-0.8660254037844387 1142
-0.8660254037844387 1143
-0.8660254037844387 1144
-0.8660254037844387 1145
-0.8660254037844387 1146
-0.8660254037844387 1147
-0.8660254037844387 1148
-0.8660254037844387 1149
-0.8660254037844387 1150
-0.8660254037844387 1151
-0.8660254037844387 1152
-0.8660254037844387 1153
-0.8660254037844387 1154
-0.8660254037844387 1155
-0.8660254037844387 1156
-0.8660254037844387 1157
-0.8660254037844387 1158
-0.8660254037844387 1159
-0.8660254037844387 1160
-0.8660254037844387 1161
-0.8660254037844387 1162
-0.8660254037844387 1163
-0.8660254037844387 1164
-0.8660254037844387 1165
-0.8660254037844387 1166
-0.8660254037844387 1167
-0.8660254037844387 1168
-0.8660254037844387 1169
-0.8660254037844387 1170
-0.8660254037844387 1171
-0.8660254037844387 1172
-0.8660254037844387 1173
-0.8660254037844387 1174
-0.8660254037844387 1175
-0.8660254037844387 1176
-0.8660254037844387 1177
-0.8660254037844387 1178
-0.8660254037844387 1179
-0.8660254037844387 1180
-0.8660254037844387 1181
-0.8660254037844387 1182
-0.8660254037844387 1183
-0.8660254037844387 1184
-0.8660254037844387 1185
-0.8660254037844387 1186
-0.8660254037844387 1187
-0.8660254037844387 1188
-0.8660254037844387 1189
-0.8660254037844387 1190
-0.8660254037844387 1191
-0.8660254037844387 1192
-0.8660254037844387 1193
-0.8660254037844387 1194
-0.8660254037844387 1195
-0.8660254037844387 1196
-0.8660254037844387 1197
-0.8660254037844387 1198
-0.8660254037844387 1199
-0.8660254037844387 1200
-0.8660254037844387 1201
-0.8660254037844387 1202
-0.8660254037844387 1203
-0.8660254037844387 1204
-0.8660254037844387 1205
-0.8660254037844387 1206
-0.8660254037844387 1207
-0.8660254037844387 1208
-0.8660254037844387 1209
-0.8660254037844387 1210
-0.8660254037844387 1211
-0.8660254037844387 1212
-0.8660254037844387 1213
-0.8660254037844387 1214
-0.8660254037844387 1215
-0.8660254037844387 1216
-0.8660254037844387 1217
-0.8660254037844387 1218
-0.8660254037844387 1219
-0.8660254037844387 1220
-0.8660254037844387 1221
-0.8660254037844387 1222
-0.8660254037844387 1223
-0.8660254037844387 1224
-0.8660254037844387 1225
-0.8660254037844387 1226
-0.8660254037844387 1227
-0.8660254037844387 1228
-0.8660254037844387 1229
-0.8660254037844387 1230
-0.8660254037844387 1231
-0.8660254037844387 1232
-0.8660254037844387 1233
-0.8660254037844387 1234
-0.8660254037844387 1235
-0.8660254037844387 1236
-0.8660254037844387 1237
-0.8660254037844387 1238
-0.8660254037844387 1239
-0.8660254037844387 1240
-0.8660254037844387 1241
-0.8660254037844387 1242
-0.8660254037844387 1243
-0.8660254037844388 1244
-0.8660254037844388 1245
-0.8660254037844388 1246
-0.8660254037844388 1247
-0.8660254037844388 1248
-0.8660254037844388 1249
-0.8660254037844388 1250
-0.8660254037844388 1251
-0.8660254037844388 1252
-0.8660254037844388 1253
-0.8660254037844388 1254
-0.8660254037844388 1255
-0.8660254037844388 1256
-0.8660254037844388 1257
-0.8660254037844388 1258
-0.8660254037844388 1259
-0.8660254037844388 1260
-0.8660254037844388 1261
-0.8660254037844388 1262
-0.8660254037844388 1263
-0.8660254037844388 1264
-0.8660254037844388 1265
-0.8660254037844388 1266
-0.8660254037844388 1267
-0.8660254037844388 1268
-0.8660254037844388 1269
-0.8660254037844388 1270
-0.8660254037844388 1271
-0.8660254037844388 1272
-0.8660254037844388 1273
-0.8660254037844388 1274
-0.8660254037844388 1275
-0.8660254037844388 1276
-0.8660254037844388 1277
-0.8660254037844388 1278
-0.8660254037844388 1279
-0.8660254037844388 1280
-0.8660254037844388 1281
-0.8660254037844388 1282
-0.8660254037844388 1283
-0.8660254037844388 1284
-0.8660254037844388 1285
-0.8660254037844388 1286
-0.8660254037844388 1287
-0.8660254037844388 1288
-0.8660254037844388 1289
-0.8660254037844388 1290
-0.8660254037844388 1291
-0.8660254037844388 1292
-0.8660254037844388 1293
-0.8660254037844388 1294
-0.8660254037844388 1295
-0.8660254037844388 1296
-0.8660254037844388 1297
-0.8660254037844388 1298
-0.8660254037844388 1299
-0.8660254037844388 1300
-0.8660254037844388 1301
-0.8660254037844388 1302
-0.8660254037844388 1303
-0.8660254037844388 1304
-0.8660254037844388 1305
-0.8660254037844388 1306
-0.8660254037844388 1307
-0.8660254037844388 1308
-0.8660254037844388 1309
-0.8660254037844388 1310
-0.8660254037844388 1311
-0.8660254037844388 1312
-0.8660254037844388 1313
-0.8660254037844388 1314
-0.8660254037844388 1315
-0.8660254037844388 1316
-0.8660254037844388 1317
-0.8660254037844388 1318
-0.8660254037844388 1319
-0.8660254037844388 1320
-0.8660254037844388 1321
-0.8660254037844388 1322
-0.8660254037844388 1323
-0.8660254037844388 1324
-0.8660254037844388 1325
-0.8660254037844388 1326
-0.8660254037844388 1327
-0.8660254037844388 1328
-0.8660254037844388 1329
-0.8660254037844388 1330
-0.8660254037844388 1331
-0.8660254037844388 1332
-0.8660254037844388 1333
-0.8660254037844388 1334
-0.8660254037844388 1335
-0.8660254037844388 1336
-0.8660254037844388 1337
-0.8660254037844388 1338
-0.8660254037844388 1339
-0.8660254037844388 1340
-0.8660254037844388 1341
-0.8660254037844388 1342
-0.8660254037844388 1343
-0.8660254037844388 1344
-0.8660254037844388 1345
-0.8660254037844388 1346
-0.8660254037844388 1347
-0.8660254037844388 1348
-0.8660254037844388 1349
-0.8660254037844388 1350
-0.8660254037844388 1351
-0.8660254037844388 1352
-0.8660254037844388 1353
-0.8660254037844388 1354
-0.8660254037844388 1355
-0.8660254037844388 1356
-0.8660254037844388 1357
-0.8660254037844388 1358
-0.8660254037844388 1359
-0.8660254037844388 1360
-0.8660254037844388 1361
-0.8660254037844388 1362
-0.8660254037844388 1363
-0.8660254037844388 1364
-0.8660254037844388 1365
-0.8660254037844388 1366
-0.8660254037844388 1367
-0.8660254037844388 1368
-0.8660254037844388 1369
-0.8660254037844388 1370
-0.8660254037844388 1371
-0.8660254037844388 1372
-0.8660254037844388 1373
-0.8660254037844388 1374
-0.8660254037844388 1375
-0.8660254037844388 1376
-0.8660254037844388 1377
-0.8660254037844388 1378
-0.8660254037844388 1379
-0.8660254037844388 1380
-0.8660254037844388 1381
-0.8660254037844388 1382
-0.8660254037844388 1383
-0.8660254037844388 1384
-0.8660254037844388 1385
-0.8660254037844388 1386
-0.8660254037844388 1387
-0.8660254037844388 1388
-0.8660254037844388 1389
-0.8660254037844388 1390
-0.8660254037844388 1391
-0.8660254037844388 1392
-0.8660254037844388 1393
-0.8660254037844388 1394
-0.8660254037844388 1395
-0.8660254037844388 1396
-0.8660254037844388 1397
-0.8660254037844388 1398
-0.8660254037844388 1399
-0.8660254037844388 1400
-0.8660254037844388 1401
-0.8660254037844388 1402
-0.8660254037844388 1403
-0.8660254037844388 1404
-0.8660254037844388 1405
-0.8660254037844388 1406
-0.8660254037844388 1407
-0.8660254037844388 1408
-0.8660254037844388 1409
-0.8660254037844388 1410
-0.8660254037844388 1411
-0.8660254037844388 1412
-0.8660254037844388 1413
-0.8660254037844388 1414
-0.8660254037844388 1415
-0.8660254037844388 1416
-0.8660254037844388 1417
-0.8660254037844388 1418
-0.8660254037844388 1419
-0.8660254037844388 1420
-0.8660254037844388 1421
-0.8660254037844388 1422
-0.8660254037844388 1423
-0.8660254037844388 1424
-0.8660254037844388 1425
-0.8660254037844388 1426
-0.8660254037844388 1427
-0.8660254037844388 1428
-0.8660254037844388 1429
-0.8660254037844388 1430
-0.8660254037844388 1431
-0.8660254037844388 1432
-0.8660254037844388 1433
-0.8660254037844388 1434
-0.8660254037844388 1435
-0.8660254037844388 1436
-0.8660254037844388 1437
-0.8660254037844388 1438
-0.8660254037844388 1439
-0.8660254037844388 1440
-0.8660254037844388 1441
-0.8660254037844388 1442
-0.8660254037844388 1443
-0.8660254037844388 1444
-0.8660254037844388 1445
-0.8660254037844388 1446
-0.8660254037844388 1447
-0.8660254037844388 1448
-0.8660254037844388 1449
-0.8660254037844388 1450
-0.8660254037844388 1451
-0.8660254037844388 1452
-0.8660254037844388 1453
-0.8660254037844388 1454
-0.8660254037844388 1455
-0.8660254037844388 1456
-0.8660254037844388 1457
-0.8660254037844388 1458
-0.8660254037844388 1459
-0.8660254037844388 1460
-0.8660254037844388 1461
-0.8660254037844388 1462
-0.8660254037844388 1463
-0.8660254037844388 1464
-0.8660254037844388 1465
-0.8660254037844388 1466
-0.8660254037844388 1467
-0.8660254037844388 1468
-0.8660254037844388 1469
-0.8660254037844388 1470
-0.8660254037844388 1471
-0.8660254037844388 1472
-0.8660254037844388 1473
-0.8660254037844388 1474
-0.8660254037844388 1475
-0.8660254037844388 1476
-0.8660254037844388 1477
-0.8660254037844388 1478
-0.8660254037844388 1479
-0.8660254037844388 1480
-0.8660254037844388 1481
-0.8660254037844388 1482
-0.8660254037844388 1483
-0.8660254037844388 1484
-0.8660254037844388 1485
-0.8660254037844388 1486
-0.8660254037844388 1487
-0.8660254037844388 1488
-0.8660254037844388 1489
-0.8660254037844388 1490
-0.8660254037844388 1491
-0.8660254037844388 1492
-0.8660254037844388 1493
-0.8660254037844388 1494
-0.8660254037844388 1495
-0.8660254037844388 1496
-0.8660254037844388 1497
-0.8660254037844388 1498
-0.8660254037844388 1499
-0.8660254037844388 1500
-0.8660254037844388 1501
-0.8660254037844388 1502
-0.8660254037844388 1503
-0.8660254037844388 1504
-0.8660254037844388 1505
-0.8660254037844388 1506
-0.8660254037844388 1507
-0.8660254037844388 1508
-0.8660254037844388 1509
-0.8660254037844388 1510
-0.8660254037844388 1511
-0.8660254037844388 1512
-0.8660254037844388 1513
-0.8660254037844388 1514
-0.8660254037844388 1515
-0.8660254037844388 1516
-0.8660254037844388 1517
-0.8660254037844388 1518
-0.8660254037844388 1519
-0.8660254037844388 1520
-0.8660254037844388 1521
-0.8660254037844388 1522
-0.8660254037844388 1523
-0.8660254037844388 1524
-0.8660254037844388 1525
-0.8660254037844388 1526
-0.8660254037844388 1527
-0.8660254037844388 1528
-0.8660254037844388 1529
-0.8660254037844388 1530
-0.8660254037844388 1531
-0.8660254037844388 1532
-0.8660254037844388 1533
-0.8660254037844388 1534
-0.8660254037844388 1535
-0.8660254037844388 1536
-0.8660254037844388 1537
-0.8660254037844388 1538
-0.8660254037844388 1539
-0.8660254037844388 1540
-0.8660254037844388 1541
-0.8660254037844388 1542
-0.8660254037844388 1543
-0.8660254037844388 1544
-0.8660254037844388 1545
-0.8660254037844388 1546
-0.8660254037844388 1547
-0.8660254037844388 1548
-0.8660254037844388 1549
-0.8660254037844388 1550
-0.8660254037844388 1551
-0.8660254037844388 1552
-0.8660254037844388 1553
-0.8660254037844388 1554
-0.8660254037844388 1555
-0.8660254037844388 1556
-0.8660254037844388 1557
-0.8660254037844388 1558
-0.8660254037844388 1559
-0.8660254037844388 1560
-0.8660254037844388 1561
-0.8660254037844388 1562
-0.8660254037844388 1563
-0.8660254037844388 1564
-0.8660254037844388 1565
-0.8660254037844388 1566
-0.8660254037844388 1567
-0.8660254037844388 1568
-0.8660254037844388 1569
-0.8660254037844388 1570
-0.8660254037844388 1571
-0.8660254037844388 1572
-0.8660254037844388 1573
-0.8660254037844388 1574
-0.8660254037844388 1575
-0.8660254037844388 1576
-0.8660254037844388 1577
-0.8660254037844388 1578
-0.8660254037844388 1579
-0.8660254037844388 1580
-0.8660254037844388 1581
-0.8660254037844388 1582
-0.8660254037844388 1583
-0.8660254037844388 1584
-0.8660254037844388 1585
-0.8660254037844388 1586
-0.8660254037844388 1587
-0.8660254037844388 1588
-0.8660254037844388 1589
-0.8660254037844388 1590
-0.8660254037844388 1591
-0.8660254037844388 1592
-0.8660254037844388 1593
-0.8660254037844388 1594
-0.8660254037844388 1595
-0.8660254037844388 1596
-0.8660254037844388 1597
-0.8660254037844388 1598
-0.8660254037844388 1599
-0.8660254037844388 1600
-0.8660254037844388 1601
-0.8660254037844388 1602
-0.8660254037844388 1603
-0.8660254037844388 1604
-0.8660254037844388 1605
-0.8660254037844388 1606
-0.8660254037844388 1607
-0.8660254037844388 1608
-0.8660254037844388 1609
-0.8660254037844388 1610
-0.8660254037844388 1611
-0.8660254037844388 1612
-0.8660254037844388 1613
-0.8660254037844388 1614
-0.8660254037844388 1615
-0.8660254037844388 1616
-0.8660254037844388 1617
-0.8660254037844388 1618
-0.8660254037844388 1619
-0.8660254037844388 1620
-0.8660254037844388 1621
-0.8660254037844388 1622
-0.8660254037844388 1623
-0.8660254037844388 1624
-0.8660254037844388 1625
-0.8660254037844388 1626
-0.8660254037844388 1627
-0.8660254037844388 1628
-0.8660254037844388 1629
-0.8660254037844388 1630
-0.8660254037844388 1631
-0.8660254037844388 1632
-0.8660254037844388 1633
-0.8660254037844388 1634
-0.8660254037844388 1635
-0.8660254037844388 1636
-0.8660254037844388 1637
-0.8660254037844388 1638
-0.8660254037844388 1639
-0.8660254037844388 1640
-0.8660254037844388 1641
-0.8660254037844388 1642
-0.8660254037844388 1643
-0.8660254037844388 1644
-0.8660254037844388 1645
-0.8660254037844388 1646
-0.8660254037844388 1647
-0.8660254037844388 1648
-0.8660254037844388 1649
-0.8660254037844388 1650
-0.8660254037844388 1651
-0.8660254037844388 1652
-0.8660254037844388 1653
-0.8660254037844388 1654
-0.8660254037844388 1655
-0.8660254037844388 1656
-0.8660254037844388 1657
-0.8660254037844388 1658
-0.8660254037844388 1659
-0.8660254037844388 1660
-0.8660254037844388 1661
-0.8660254037844388 1662
-0.8660254037844388 1663
-0.8660254037844388 1664
-0.8660254037844388 1665
-0.8660254037844388 1666
-0.8660254037844388 1667
-0.8660254037844388 1668
-0.8660254037844388 1669
-0.8660254037844388 1670
-0.8660254037844388 1671
-0.8660254037844388 1672
-0.8660254037844388 1673
-0.8660254037844388 1674
-0.8660254037844388 1675
-0.8660254037844388 1676
-0.8660254037844388 1677
-0.8660254037844388 1678
-0.8660254037844388 1679
-0.8660254037844388 1680
-0.8660254037844388 1681
-0.8660254037844388 1682
-0.8660254037844388 1683
-0.8660254037844388 1684
-0.8660254037844388 1685
-0.8660254037844388 1686
-0.8660254037844388 1687
-0.8660254037844388 1688
-0.8660254037844388 1689
-0.8660254037844388 1690
-0.8660254037844388 1691
-0.8660254037844388 1692
-0.8660254037844388 1693
-0.8660254037844388 1694
-0.8660254037844388 1695
-0.8660254037844388 1696
-0.8660254037844388 1697
-0.8660254037844388 1698
-0.8660254037844388 1699
-0.8660254037844388 1700
-0.8660254037844388 1701
-0.8660254037844388 1702
-0.8660254037844388 1703
-0.8660254037844388 1704
-0.8660254037844388 1705
-0.8660254037844388 1706
-0.8660254037844388 1707
-0.8660254037844388 1708
-0.8660254037844388 1709
-0.8660254037844388 1710
-0.8660254037844388 1711
-0.8660254037844388 1712
-0.8660254037844388 1713
-0.8660254037844388 1714
-0.8660254037844388 1715
-0.8660254037844388 1716
-0.8660254037844388 1717
-0.8660254037844388 1718
-0.8660254037844388 1719
-0.8660254037844388 1720
-0.8660254037844388 1721
-0.8660254037844388 1722
-0.8660254037844388 1723
-0.8660254037844388 1724
-0.8660254037844388 1725
-0.8660254037844388 1726
-0.8660254037844388 1727
-0.8660254037844388 1728
-0.8660254037844388 1729
-0.8660254037844388 1730
-0.8660254037844388 1731
-0.8660254037844388 1732
-0.8660254037844388 1733
-0.8660254037844388 1734
-0.8660254037844388 1735
-0.8660254037844388 1736
-0.8660254037844388 1737
-0.8660254037844388 1738
-0.8660254037844388 1739
-0.8660254037844388 1740
-0.8660254037844388 1741
-0.8660254037844388 1742
-0.8660254037844388 1743
-0.8660254037844388 1744
-0.8660254037844388 1745
-0.8660254037844388 1746
-0.8660254037844388 1747
-0.8660254037844388 1748
-0.8660254037844388 1749
-0.8660254037844388 1750
-0.8660254037844388 1751
-0.8660254037844388 1752
-0.8660254037844388 1753
-0.8660254037844388 1754
-0.8660254037844388 1755
-0.8660254037844388 1756
-0.8660254037844388 1757
-0.8660254037844388 1758
-0.8660254037844388 1759
-0.8660254037844388 1760
-0.8660254037844388 1761
-0.8660254037844388 1762
-0.8660254037844388 1763
-0.8660254037844388 1764
-0.8660254037844388 1765
-0.8660254037844388 1766
-0.8660254037844388 1767
-0.8660254037844388 1768
-0.8660254037844388 1769
-0.8660254037844388 1770
-0.8660254037844388 1771
-0.8660254037844388 1772
-0.8660254037844388 1773
-0.8660254037844388 1774
-0.8660254037844388 1775
-0.8660254037844388 1776
-0.8660254037844388 1777
-0.8660254037844388 1778
-0.8660254037844388 1779
-0.8660254037844388 1780
-0.8660254037844388 1781
-0.8660254037844388 1782
-0.8660254037844388 1783
-0.8660254037844388 1784
-0.8660254037844388 1785
