-0.022341379221274084 0
-0.04397158442420353 1
-0.08408536429662898 2
-0.08408536429662898 3
-0.08408536429662898 4
-0.08866545239230254 5
-0.09372794825467187 6
-0.09580484458734366 7
-0.09580484458734366 8
-0.09580484458734366 9
-0.09580484458734366 10
-0.09580484458734366 11
-0.09581795233681137 12
-0.09582351545765437 13
-0.09582460128833328 14
-0.0958250103172446 15
-0.09582503287579196 16
-0.09582503287579196 17
-0.0958250412934468 18
-0.0958250412934468 19
-0.09582504139461798 20
-0.09582504139461798 21
-0.09582504139461798 22
