-0.16477043353531054 0
-0.1884920482090383 1
-0.19095321484164135 2
-0.19360094254607751 3
-0.2467046021863051 4
-0.2467046021863051 5
-0.2467046021863051 6
-0.2467046021863051 7
-0.2467046021863051 8
-0.2467046021863051 9
-0.2563230358884417 10
-0.2734316917357795 11
-0.2734316917357795 12
-0.2734316917357795 13
-0.2734316917357795 14
-0.28979741142249626 15
-0.28979741142249626 16
-0.28979741142249626 17
-0.28979741142249626 18
-0.3007978283138009 19
-0.3007978283138009 20
-0.30766025138854375 21
-0.30766025138854375 22
-0.30766025138854375 23
-0.3136299520998562 24
-0.32743850376398553 25
-0.32743850376398553 26
-0.32743850376398553 27
-0.32743850376398553 28
-0.33994803845667304 29
-0.33994803845667304 30
-0.33994803845667304 31
-0.33994803845667304 32
-0.33994803845667304 33
-0.33994803845667304 34
-0.33994803845667304 35
-0.35502983419154277 36
-0.35502983419154277 37
-0.37759036048954886 38
-0.37759036048954886 39
-0.37759036048954886 40
-0.37759036048954886 41
-0.37759036048954886 42
-0.37759036048954886 43
-0.37759036048954886 44
-0.38256987758485334 45
-0.38256987758485334 46
-0.3867375278107123 47
-0.41889819127261707 48
-0.41889819127261707 49
-0.41889819127261707 50
-0.41889819127261707 51
-0.41889819127261707 52
-0.41889819127261707 53
-0.41889819127261707 54
-0.48228664878354316 55
-0.48228664878354316 56
-0.48228664878354316 57
-0.48228664878354316 58
-0.48228664878354316 59
-0.48228664878354316 60
-0.48228664878354316 61
-0.48228664878354316 62
-0.48228664878354316 63
-0.48228664878354316 64
-0.48228664878354316 65
-0.48228664878354316 66
-0.48228664878354316 67
-0.48228664878354316 68
-0.48228664878354316 69
-0.5188774837880368 70
-0.5269396166668537 71
-0.5462514748178671 72
-0.5462514748178671 73
-0.5462514748178671 74
-0.5462514748178671 75
-0.5597522766246774 76
-0.5687657364783726 77
-0.5687657364783726 78
-0.5687657364783726 79
-0.5983787434894207 80
-0.5983787434894207 81
-0.604400346767828 82
-0.604400346767828 83
-0.6067267177420248 84
-0.6067267177420248 85
-0.6067267177420248 86
-0.6067267177420248 87
-0.6067267177420248 88
-0.6182305585263251 89
-0.6343176637959599 90
-0.6463697755616618 91
-0.6463697755616618 92
-0.6463697755616618 93
-0.6463697755616618 94
-0.6463697755616618 95
-0.6463697755616618 96
-0.6463697755616618 97
-0.6463697755616618 98
-0.6491211749296818 99
-0.6491211749296818 100
-0.6491211749296818 101
-0.6491211749296818 102
-0.6491211749296818 103
-0.6491211749296818 104
-0.6491211749296818 105
-0.6503696543329117 106
-0.6674893279850154 107
-0.6674893279850154 108
-0.6674893279850154 109
-0.6720368866189581 110
-0.6836771712567103 111
-0.7075815036185851 112
-0.7075815036185851 113
-0.7143944136528242 114
-0.7143944136528242 115
-0.7259538703865646 116
-0.7259538703865646 117
-0.7259538703865646 118
-0.7259538703865646 119
-0.7397736689796326 120
-0.7402384238765745 121
-0.7442422407930067 122
-0.7442422407930067 123
-0.7467763935912914 124
-0.7467763935912914 125
-0.7508119394672809 126
-0.7508119394672809 127
-0.7527312239759302 128
-0.7527312239759302 129
-0.7527312239759302 130
-0.7527312239759302 131
-0.7527312239759302 132
-0.757849653219262 133
-0.757849653219262 134
-0.757849653219262 135
-0.7651767634190506 136
-0.7653232813752467 137
-0.767672274985075 138
-0.7771948750339808 139
-0.7771948750339808 140
-0.7771948750339808 141
-0.7771948750339808 142
-0.7805703146300822 143
-0.7805703146300822 144
-0.7805703146300822 145
-0.7806827441043721 146
-0.7807399275953119 147
-0.7807399275953119 148
-0.7809609932753712 149
-0.7874171118829751 150
-0.7874171118829751 151
-0.7874171118829751 152
-0.7874171118829751 153
-0.7874171118829751 154
-0.7874171118829751 155
-0.7874171118829751 156
-0.7874171118829751 157
-0.7874171118829751 158
-0.7880625268768434 159
-0.7880625268768434 160
-0.7893697125785016 161
-0.7893697125785016 162
-0.790349657116817 163
-0.7903695492123207 164
-0.7936892979271228 165
-0.7936892979271228 166
-0.7936892979271228 167
-0.7937640354388767 168
-0.793971805827822 169
-0.7942482679311376 170
-0.7946348803821424 171
-0.7957414701228178 172
-0.7957414701228178 173
-0.7957414701228178 174
-0.7957821915857137 175
-0.7957821915857137 176
-0.796412729317346 177
-0.7972162004356002 178
-0.7972162004356002 179
-0.7972162004356002 180
-0.7972162004356002 181
-0.7973671174961218 182
-0.7980136644903997 183
-0.7980136644903997 184
-0.7981034020780179 185
-0.798660361528855 186
-0.7987073474339142 187
-0.7987073474339142 188
-0.7987073474339142 189
-0.7987073474339142 190
-0.798996353243218 191
-0.7992479896627549 192
-0.8000448110760393 193
-0.8000448110760393 194
-0.8003314823465021 195
-0.8006774685541159 196
-0.8006774685541159 197
-0.8006774685541159 198
-0.8006774685541159 199
-0.8006979529497755 200
-0.8006979529497755 201
-0.8008134104769145 202
-0.8008134104769145 203
-0.8008134104769145 204
-0.8008134104769145 205
-0.8016514528143489 206
-0.8016514528143489 207
-0.8016514528143489 208
-0.8016514528143489 209
-0.8016514528143489 210
-0.8017542893446642 211
-0.8017542893446642 212
-0.8019180824102501 213
-0.8019180824102501 214
-0.8020773004278029 215
-0.8022562096669861 216
-0.8023333679075431 217
-0.8023601667038608 218
-0.8024981727205471 219
-0.8024981727205471 220
-0.802625964044043 221
-0.802625964044043 222
-0.802625964044043 223
-0.802625964044043 224
-0.802625964044043 225
-0.802625964044043 226
-0.802625964044043 227
-0.802625964044043 228
-0.8027535703659449 229
-0.8027535703659449 230
-0.8027759992565588 231
-0.8027759992565588 232
-0.8027936992511072 233
-0.8027936992511072 234
-0.8029517286815916 235
-0.8029517286815916 236
-0.8029517286815916 237
-0.8029517286815916 238
-0.8029517286815916 239
-0.8029517286815916 240
-0.8029537051759271 241
-0.8030202011433291 242
-0.8030202011433291 243
-0.8030202011433291 244
-0.8030471835851026 245
-0.8031608836807351 246
-0.8031608836807351 247
-0.8031608836807351 248
-0.8031608836807351 249
-0.8031608836807351 250
-0.8031608836807351 251
-0.8032276436516573 252
-0.8032276436516573 253
-0.8032670353520629 254
-0.8032670353520629 255
-0.8032670353520629 256
-0.8033568400847263 257
-0.8033568400847263 258
-0.8033568400847263 259
-0.8033568400847263 260
-0.8033568400847263 261
-0.8033568400847263 262
-0.8033568400847263 263
-0.8033695250659063 264
-0.8033695250659063 265
-0.8033695250659063 266
-0.8033695250659063 267
-0.8033695250659063 268
-0.8033695250659063 269
-0.8034558376065831 270
-0.8034558376065831 271
-0.8034558376065831 272
-0.8034558376065831 273
-0.8034558376065831 274
-0.8034558376065831 275
-0.8034558376065831 276
-0.8034558376065831 277
-0.8034558376065831 278
-0.8034558376065831 279
-0.8034668569312609 280
-0.8034668569312609 281
-0.8034668569312609 282
-0.803468194885002 283
-0.803468194885002 284
-0.803468194885002 285
-0.8034816456202738 286
-0.8034816456202738 287
-0.8035189200794449 288
-0.803530094964349 289
-0.803530094964349 290
-0.803530094964349 291
-0.8035406305873697 292
-0.8035406305873697 293
-0.8035407853150373 294
-0.8035407853150373 295
-0.8035407853150373 296
-0.8035407853150373 297
-0.8035407853150373 298
-0.8035482340248703 299
-0.8035706288943856 300
-0.8035736168672163 301
-0.8035853577653463 302
-0.8035853577653463 303
-0.8035853577653463 304
-0.8035853577653463 305
-0.8035853577653463 306
-0.8035853577653463 307
-0.8035853577653463 308
-0.8035853577653463 309
-0.8035853577653463 310
-0.8035853577653463 311
-0.8035853577653463 312
-0.8035853577653463 313
-0.8035853577653463 314
-0.8035853577653463 315
-0.8035853577653463 316
-0.8035853577653463 317
-0.8035853577653463 318
-0.8035853577653463 319
-0.8035853577653463 320
-0.8035853577653463 321
-0.8035853577653463 322
-0.8035853577653463 323
-0.8035853577653463 324
-0.8035853577653463 325
-0.8035853577653463 326
-0.8035853577653463 327
-0.8035876443585029 328
-0.8035876443585029 329
-0.8035885363144589 330
-0.8035885363144589 331
-0.8035885363144589 332
-0.8035885363144589 333
-0.8035885363144589 334
-0.8035885363144589 335
-0.8035885363144589 336
-0.8035885363144589 337
-0.8035887846699868 338
-0.8035887846699868 339
-0.8035887846699868 340
-0.8035887846699868 341
-0.8035887846699868 342
-0.8035887846699868 343
-0.8035887846699868 344
-0.8035900992327675 345
-0.8035900992327675 346
-0.8035900992327675 347
-0.8035908105641721 348
-0.8035908105641721 349
-0.8035908105641721 350
-0.8035909193265436 351
-0.8035934625283493 352
-0.8035934625283493 353
-0.8035934625283493 354
-0.8035980078722139 355
-0.8036014428889651 356
-0.8036014428889651 357
-0.8036014428889651 358
-0.8036014428889651 359
-0.8036014428889651 360
-0.8036014428889651 361
-0.8036014428889651 362
-0.8036014428889651 363
-0.8036014428889651 364
-0.8036014428889651 365
-0.8036014428889651 366
-0.8036014428889651 367
-0.8036014428889651 368
-0.8036014428889651 369
-0.8036014428889651 370
-0.8036014428889651 371
-0.8036014428889651 372
-0.8036031585192132 373
-0.8036031585192132 374
-0.8036055317007769 375
-0.8036055317007769 376
-0.8036055317007769 377
-0.8036055317007769 378
-0.8036055317007769 379
-0.8036055317007769 380
-0.8036055317007769 381
-0.8036055317007769 382
-0.8036055317007769 383
-0.8036055317007769 384
-0.8036055317007769 385
-0.8036055317007769 386
-0.8036055317007769 387
-0.8036055317007769 388
-0.8036055317007769 389
-0.8036055317007769 390
-0.8036055317007769 391
-0.8036055317007769 392
-0.8036055317007769 393
-0.8036055317007769 394
-0.8036055317007769 395
-0.8036055317007769 396
-0.8036055317007769 397
-0.8036055317007769 398
-0.8036055317007769 399
-0.8036060863529987 400
-0.8036060903832923 401
-0.80360797617473 402
-0.80360797617473 403
-0.8036082208198198 404
-0.8036097424695469 405
-0.8036097424695469 406
-0.8036097424695469 407
-0.8036097424695469 408
-0.8036097424695469 409
-0.8036097424695469 410
-0.8036097424695469 411
-0.8036097424695469 412
-0.8036097424695469 413
-0.8036097424695469 414
-0.8036097424695469 415
-0.8036098256188067 416
-0.8036098256188067 417
-0.8036103081696311 418
-0.8036103081696311 419
-0.8036107915629995 420
-0.8036107915629995 421
-0.8036107915629995 422
-0.8036107915629995 423
-0.8036107915629995 424
-0.8036107915629995 425
-0.8036107915629995 426
-0.8036107915629995 427
-0.8036107915629995 428
-0.8036107915629995 429
-0.8036107915629995 430
-0.8036107915629995 431
-0.8036107915629995 432
-0.8036112827331074 433
-0.8036112827331074 434
-0.8036112827331074 435
-0.8036112827331074 436
-0.8036112827331074 437
-0.8036112827331074 438
-0.8036113181531749 439
-0.8036123087387984 440
-0.8036123087387984 441
-0.8036123087387984 442
-0.8036123087387984 443
-0.8036123087387984 444
-0.8036123087387984 445
-0.8036123087387984 446
-0.8036123087387984 447
-0.8036126665590295 448
-0.8036130263418195 449
-0.8036130263418195 450
-0.8036130263418195 451
-0.8036132189286717 452
-0.8036132189286717 453
-0.8036132189286717 454
-0.8036132189286717 455
-0.8036132189286717 456
-0.8036132189286717 457
-0.8036132189286717 458
-0.8036132189286717 459
-0.8036132189286717 460
-0.8036132205305351 461
-0.8036135388139908 462
-0.8036135388139908 463
-0.8036135388139908 464
-0.8036137781071768 465
-0.8036137781071768 466
-0.8036137781071768 467
-0.8036137781071768 468
-0.8036137781071768 469
-0.8036137781071768 470
-0.8036137781071768 471
-0.8036137781071768 472
-0.8036137781071768 473
-0.8036137781071768 474
-0.8036137781071768 475
-0.8036139422504942 476
-0.8036139422504942 477
-0.8036139422504942 478
-0.8036139422504942 479
-0.8036139422504942 480
-0.8036139422504942 481
-0.8036139422504942 482
-0.8036139422504942 483
-0.8036139422504942 484
-0.8036139422504942 485
-0.8036139422504942 486
-0.8036139422504942 487
-0.8036139422504942 488
-0.8036139422504942 489
-0.8036139422504942 490
-0.8036139422504942 491
-0.8036139422504942 492
-0.8036139422504942 493
-0.8036139422504942 494
-0.8036139422504942 495
-0.8036139422504942 496
-0.8036139422504942 497
-0.8036139422504942 498
-0.8036139422504942 499
-0.8036141137378923 500
-0.8036143793159921 501
-0.8036145288429091 502
-0.8036145288429091 503
-0.8036145288429091 504
-0.8036145288429091 505
-0.8036145288429091 506
-0.8036145288429091 507
-0.8036145288429091 508
-0.8036145288429091 509
-0.8036145288429091 510
-0.8036145288429091 511
-0.8036145288429091 512
-0.8036145989638623 513
-0.8036147793008317 514
-0.8036147793008317 515
-0.803615081482896 516
-0.8036152022504062 517
-0.8036152022504062 518
-0.8036155010259614 519
-0.803615571623861 520
-0.803615571623861 521
-0.8036156828243795 522
-0.8036156828243795 523
-0.8036156828243795 524
-0.8036156828243795 525
-0.8036156828243795 526
-0.8036156828243795 527
-0.8036156828243795 528
-0.8036156828243795 529
-0.8036156828243795 530
-0.8036156828243795 531
-0.8036160311801069 532
-0.8036162048664324 533
-0.8036162048664324 534
-0.8036162382426376 535
-0.8036162382426376 536
-0.8036162382426376 537
-0.8036162382426376 538
-0.8036162382426376 539
-0.8036162382426376 540
-0.8036162382426376 541
-0.8036162382426376 542
-0.8036162382426376 543
-0.8036162382426376 544
-0.8036162382426376 545
-0.8036162382426376 546
-0.8036162382426376 547
-0.8036162382426376 548
-0.8036162382426376 549
-0.8036162382426376 550
-0.8036162382426376 551
-0.8036162382426376 552
-0.8036162382426376 553
-0.8036162382426376 554
-0.8036162382426376 555
-0.8036162382426376 556
-0.8036162382426376 557
-0.8036162382426376 558
-0.8036162893968248 559
-0.8036162893968248 560
-0.8036162893968248 561
-0.8036162893968248 562
-0.8036162893968248 563
-0.8036162893968248 564
-0.8036162893968248 565
-0.8036163519893276 566
-0.8036163519893276 567
-0.8036163519893276 568
-0.8036163519893276 569
-0.8036163519893276 570
-0.8036163519893276 571
-0.8036163519893276 572
-0.8036163519893276 573
-0.8036163519893276 574
-0.8036163519893276 575
-0.8036163519893276 576
-0.8036163519893276 577
-0.8036163519893276 578
-0.8036163519893276 579
-0.8036163519893276 580
-0.8036163519893276 581
-0.8036163519893276 582
-0.8036163519893276 583
-0.8036163519893276 584
-0.8036163519893276 585
-0.8036167210291405 586
-0.8036167210291405 587
-0.8036167210291405 588
-0.8036167210291405 589
-0.8036167210291405 590
-0.8036167210291405 591
-0.8036167210291405 592
-0.8036169003026891 593
-0.8036169003026891 594
-0.803617344148129 595
-0.803617344148129 596
-0.803617344148129 597
-0.8036174869317961 598
-0.8036174869317961 599
-0.8036174869317961 600
-0.8036174869317961 601
-0.8036174869317961 602
-0.8036174869317961 603
-0.8036174869317961 604
-0.8036174869317961 605
-0.8036174869317961 606
-0.8036174869317961 607
-0.8036174869317961 608
-0.8036174869317961 609
-0.8036174869317961 610
-0.8036174869317961 611
-0.8036174869317961 612
-0.8036174869317961 613
-0.8036174869317961 614
-0.8036174869317961 615
-0.8036174869317961 616
-0.8036174869317961 617
-0.8036174869317961 618
-0.8036174869317961 619
-0.8036174869317961 620
-0.8036174869317961 621
-0.8036174869317961 622
-0.8036177675258627 623
-0.8036177675258627 624
-0.8036177675258627 625
-0.8036177675258627 626
-0.8036177675258627 627
-0.8036177675258627 628
-0.8036177675258627 629
-0.8036177675258627 630
-0.8036177675258627 631
-0.8036177675258627 632
-0.8036177675258627 633
-0.8036177675258627 634
-0.8036177675258627 635
-0.8036177675258627 636
-0.8036177675258627 637
-0.8036177675258627 638
-0.8036177675258627 639
-0.8036177675258627 640
-0.8036177675258627 641
-0.8036177675258627 642
-0.8036177675258627 643
-0.8036177675258627 644
-0.8036177675258627 645
-0.8036177675258627 646
-0.8036177675258627 647
-0.8036177675258627 648
-0.8036177675258627 649
-0.8036177675258627 650
-0.8036177675258627 651
-0.8036177675258627 652
-0.8036177675258627 653
-0.8036177675258627 654
-0.8036177675258627 655
-0.8036177675258627 656
-0.8036178406934497 657
-0.8036178406934497 658
-0.8036178406934497 659
-0.8036179220900345 660
-0.8036179220900345 661
-0.8036179220900345 662
-0.8036179220900345 663
-0.8036179220900345 664
-0.8036179220900345 665
-0.8036180798531507 666
-0.8036180798531507 667
-0.8036181961631238 668
-0.8036181961631238 669
-0.8036181961631238 670
-0.8036181961631238 671
-0.8036181961631238 672
-0.8036181961631238 673
-0.8036181961631238 674
-0.8036181961631238 675
-0.8036181961631238 676
-0.8036181961631238 677
-0.8036181961631238 678
-0.8036181961631238 679
-0.8036181961631238 680
-0.8036181961631238 681
-0.8036181961631238 682
-0.8036181961631238 683
-0.8036181961631238 684
-0.8036181961631238 685
-0.8036181961631238 686
-0.8036181961631238 687
-0.8036181961631238 688
-0.8036181961631238 689
-0.8036181961631238 690
-0.8036181961631238 691
-0.8036181961631238 692
-0.8036181961631238 693
-0.8036181961631238 694
-0.8036181961631238 695
-0.8036181961631238 696
-0.8036181961631238 697
-0.8036181961631238 698
-0.8036181961631238 699
-0.8036181961631238 700
-0.8036181961631238 701
-0.8036181961631238 702
-0.8036181961631238 703
-0.8036181961631238 704
-0.8036181961631238 705
-0.8036181961631238 706
-0.8036181961631238 707
-0.8036181961631238 708
-0.8036181961631238 709
-0.8036181961631238 710
-0.8036181961631238 711
-0.8036181961631238 712
-0.8036181961631238 713
-0.8036181961631238 714
-0.8036181961631238 715
-0.8036181961631238 716
-0.8036181961631238 717
-0.8036181961631238 718
-0.8036181961631238 719
-0.8036181961631238 720
-0.8036181961631238 721
-0.8036181961631238 722
-0.8036181961631238 723
-0.8036181961631238 724
-0.8036181961631238 725
-0.8036181961631238 726
-0.8036181961631238 727
-0.8036181961631238 728
-0.8036181961631238 729
-0.8036181961631238 730
-0.8036181961631238 731
-0.8036181961631238 732
-0.8036181961631238 733
-0.8036181961631238 734
-0.8036181961631238 735
-0.8036181961631238 736
-0.8036181961631238 737
-0.8036181961631238 738
-0.8036181961631238 739
-0.8036181961631238 740
-0.8036181961631238 741
-0.8036181961631238 742
-0.8036181961631238 743
-0.8036181961631238 744
-0.8036181961631238 745
-0.8036181961631238 746
-0.8036181961631238 747
-0.8036181961631238 748
-0.8036181961631238 749
-0.8036181961631238 750
-0.8036181961631238 751
-0.8036181961631238 752
-0.8036181961631238 753
-0.8036181961631238 754
-0.8036181961631238 755
-0.8036181961631238 756
-0.8036181961631238 757
-0.8036181961631238 758
-0.8036181961631238 759
-0.8036181961631238 760
-0.8036181961631238 761
-0.8036181961631238 762
-0.8036181961631238 763
-0.8036181961631238 764
-0.8036181961631238 765
-0.8036181961631238 766
-0.8036181961631238 767
-0.8036181961631238 768
-0.8036181961631238 769
-0.8036181961631238 770
-0.8036181961631238 771
-0.8036181961631238 772
-0.8036181961631238 773
-0.8036181961631238 774
-0.8036181961631238 775
-0.8036181961631238 776
-0.8036181961631238 777
-0.8036181961631238 778
-0.8036181961631238 779
-0.8036181961631238 780
-0.8036181961631238 781
-0.8036181961631238 782
-0.8036181961631238 783
-0.8036181961631238 784
-0.8036181961631238 785
-0.8036181961631238 786
-0.8036181961631238 787
-0.8036181961631238 788
-0.8036181961631238 789
-0.8036181961631238 790
-0.8036181961631238 791
-0.8036181961631238 792
-0.8036181961631238 793
-0.8036181961631238 794
-0.8036181961631238 795
-0.8036181961631238 796
-0.8036181961631238 797
-0.8036181961631238 798
-0.8036181961631238 799
-0.8036181961631238 800
-0.8036181961631238 801
-0.8036181961631238 802
-0.8036181961631238 803
-0.8036181961631238 804
-0.8036181961631238 805
-0.8036181961631238 806
-0.8036181961631238 807
-0.8036181961631238 808
-0.8036181961631238 809
-0.8036181961631238 810
-0.8036181961631238 811
-0.8036183200342503 812
-0.8036183200342503 813
-0.8036183200342503 814
-0.8036183200342503 815
-0.8036183200342503 816
-0.8036183200342503 817
-0.8036183200342503 818
-0.8036183200342503 819
-0.8036183200342503 820
-0.8036183200342503 821
-0.8036183200342503 822
-0.8036183200342503 823
-0.8036183200342503 824
-0.8036183200342503 825
-0.8036183200342503 826
-0.8036183200342503 827
-0.8036183200342503 828
-0.8036183200342503 829
-0.8036183200342503 830
-0.8036183200342503 831
-0.8036183200342503 832
-0.8036183200342503 833
-0.8036183200342503 834
-0.8036183200342503 835
-0.8036183200342503 836
-0.8036183200342503 837
-0.8036183200342503 838
-0.8036183200342503 839
-0.8036183200342503 840
-0.8036183200342503 841
-0.8036183200342503 842
-0.8036183200342503 843
-0.8036183200342503 844
-0.8036183200342503 845
-0.8036183200342503 846
-0.8036183200342503 847
-0.8036183200342503 848
-0.8036183200342503 849
-0.8036183200342503 850
-0.8036183200342503 851
-0.8036183200342503 852
-0.8036183200342503 853
-0.8036183200342503 854
-0.8036183200342503 855
-0.8036183200342503 856
-0.8036183200342503 857
-0.8036183200342503 858
-0.8036183200342503 859
-0.8036183200342503 860
-0.8036183200342503 861
-0.8036183200342503 862
-0.8036183200342503 863
-0.8036183200342503 864
-0.8036183200342503 865
-0.8036183200342503 866
-0.8036183200342503 867
-0.8036183200342503 868
-0.8036185211827132 869
-0.8036185495111992 870
-0.8036185495111992 871
-0.8036185495111992 872
-0.8036185495111992 873
-0.8036185495111992 874
-0.8036185495111992 875
-0.8036185495111992 876
-0.8036185495111992 877
-0.8036185495111992 878
-0.8036185495111992 879
-0.8036185495111992 880
-0.8036185495111992 881
-0.8036185495111992 882
-0.8036185495111992 883
-0.8036185495111992 884
-0.8036185495111992 885
-0.8036185495111992 886
-0.8036185495111992 887
-0.8036185495111992 888
-0.8036185495111992 889
-0.8036185966371268 890
-0.8036185966371268 891
-0.8036185966371268 892
-0.8036185966371268 893
-0.8036185966371268 894
-0.8036185966371268 895
-0.8036185966371268 896
-0.8036185966371268 897
-0.8036185966371268 898
-0.8036185966371268 899
-0.8036185966371268 900
-0.8036185966371268 901
-0.8036185966371268 902
-0.8036185966371268 903
-0.8036185966371268 904
-0.8036185966371268 905
-0.8036185966371268 906
-0.8036185966371268 907
-0.8036185966371268 908
-0.8036185966371268 909
-0.8036185966371268 910
-0.8036185966371268 911
-0.8036185966371268 912
-0.8036185966371268 913
-0.8036185966371268 914
-0.8036185966371268 915
-0.8036185966371268 916
-0.8036185966371268 917
-0.8036185966371268 918
-0.8036185966371268 919
-0.8036185966371268 920
-0.8036185966371268 921
-0.8036185966371268 922
-0.8036185966371268 923
-0.8036185966371268 924
-0.8036185966371268 925
-0.8036185966371268 926
-0.8036185966371268 927
-0.8036185966371268 928
-0.8036185966371268 929
-0.8036185966371268 930
-0.8036185966371268 931
-0.8036185966371268 932
-0.8036185966371268 933
-0.8036185966371268 934
-0.8036185966371268 935
-0.8036185966371268 936
-0.8036185966371268 937
-0.8036185966371268 938
-0.8036185966371268 939
-0.8036185966371268 940
-0.8036185966371268 941
-0.8036185966371268 942
-0.8036185966371268 943
-0.8036185966371268 944
-0.8036185966371268 945
-0.8036185966371268 946
-0.8036185966371268 947
-0.8036185966371268 948
-0.8036185966371268 949
-0.8036185966371268 950
-0.8036185966371268 951
-0.8036185966371268 952
-0.8036185966371268 953
-0.8036185966371268 954
-0.8036185966371268 955
-0.8036185966371268 956
-0.8036185995545578 957
-0.8036186493326193 958
-0.8036187702416879 959
-0.8036187702416879 960
-0.8036187702416879 961
-0.8036187702416879 962
-0.8036187702416879 963
-0.8036187702416879 964
-0.8036187939023504 965
-0.8036187939023504 966
-0.8036187939023504 967
-0.8036187939023504 968
-0.8036187939023504 969
-0.8036187993992451 970
-0.8036187993992451 971
-0.8036187993992451 972
-0.8036187993992451 973
-0.8036187993992451 974
-0.8036187993992451 975
-0.8036188423710082 976
-0.8036188423710082 977
-0.8036188423710082 978
-0.8036188423710082 979
-0.8036188423710082 980
-0.8036188423710082 981
-0.8036188423710082 982
-0.8036188423710082 983
-0.8036188423710082 984
-0.8036188423710082 985
-0.8036188423710082 986
-0.8036188423710082 987
-0.8036188423710082 988
-0.8036188423710082 989
-0.8036188423710082 990
-0.8036188423710082 991
-0.8036188423710082 992
-0.8036188423710082 993
-0.8036188423710082 994
-0.8036188423710082 995
-0.8036188423710082 996
-0.8036188423710082 997
-0.8036188423710082 998
-0.8036188423710082 999
-0.8036188423710082 1000
-0.8036188423710082 1001
-0.8036188423710082 1002
-0.8036188423710082 1003
-0.8036188423710082 1004
-0.8036188423710082 1005
-0.8036188423710082 1006
-0.8036188423710082 1007
-0.8036188423710082 1008
-0.8036188423710082 1009
-0.8036188423710082 1010
-0.8036188423710082 1011
-0.8036188423710082 1012
-0.8036188423710082 1013
-0.8036188423710082 1014
-0.8036188840648604 1015
-0.8036188840648604 1016
-0.8036188840648604 1017
-0.8036188840648604 1018
-0.8036188840648604 1019
-0.8036188840648604 1020
-0.8036188840648604 1021
-0.8036188840648604 1022
-0.803618900647032 1023
-0.803618900647032 1024
-0.803618900647032 1025
-0.803618900647032 1026
-0.803618900647032 1027
-0.803618900647032 1028
-0.803618900647032 1029
-0.803618900647032 1030
-0.803618900647032 1031
-0.803618900647032 1032
-0.803618900647032 1033
-0.803618900647032 1034
-0.803618900647032 1035
-0.8036189208618634 1036
-0.8036189208618634 1037
-0.8036189208618634 1038
-0.8036189208618634 1039
-0.8036189208618634 1040
-0.8036189208618634 1041
-0.8036189208618634 1042
-0.8036189208618634 1043
-0.8036189208618634 1044
-0.8036189208618634 1045
-0.8036189208618634 1046
-0.8036189208618634 1047
-0.8036189655768391 1048
-0.8036189655768391 1049
-0.8036189802034636 1050
-0.8036189802034636 1051
-0.8036189802034636 1052
-0.8036189802034636 1053
-0.8036189802034636 1054
-0.8036189802034636 1055
-0.8036189802034636 1056
-0.8036189802034636 1057
-0.8036189830284006 1058
-0.8036189830284006 1059
-0.8036189989308483 1060
-0.8036189989308483 1061
-0.8036189989308483 1062
-0.8036189989308483 1063
-0.8036189989308483 1064
-0.8036189989308483 1065
-0.8036189989308483 1066
-0.8036189989308483 1067
-0.8036189989308483 1068
-0.8036189989308483 1069
-0.8036189989308483 1070
-0.8036189989308483 1071
-0.8036189989308483 1072
-0.8036189989308483 1073
-0.8036189989308483 1074
-0.8036189989308483 1075
-0.8036189989308483 1076
-0.8036189989308483 1077
-0.8036189989308483 1078
-0.8036189989308483 1079
-0.8036189989308483 1080
-0.8036189989308483 1081
-0.8036190086859818 1082
-0.8036190086859818 1083
-0.8036190086859818 1084
-0.8036190086859818 1085
-0.8036190086859818 1086
-0.8036190086859818 1087
-0.8036190086859818 1088
-0.8036190086859818 1089
-0.8036190086859818 1090
-0.8036190086859818 1091
-0.8036190086859818 1092
-0.8036190086859818 1093
-0.8036190086859818 1094
-0.8036190086859818 1095
-0.8036190086859818 1096
-0.8036190086859818 1097
-0.8036190086859818 1098
-0.8036190086859818 1099
-0.8036190086859818 1100
-0.8036190086859818 1101
-0.8036190086859818 1102
-0.8036190086859818 1103
-0.8036190086859818 1104
-0.8036190086859818 1105
-0.8036190086859818 1106
-0.8036190086859818 1107
-0.8036190086859818 1108
-0.8036190086859818 1109
-0.8036190086859818 1110
-0.8036190086859818 1111
-0.8036190086859818 1112
-0.8036190086859818 1113
-0.8036190086859818 1114
-0.8036190086859818 1115
-0.8036190086859818 1116
-0.8036190086859818 1117
-0.8036190086859818 1118
-0.8036190086859818 1119
-0.8036190086859818 1120
-0.8036190086859818 1121
-0.8036190086859818 1122
-0.8036190086859818 1123
-0.8036190086859818 1124
-0.8036190086859818 1125
-0.8036190086859818 1126
-0.8036190086859818 1127
-0.8036190086859818 1128
-0.8036190086859818 1129
-0.8036190086859818 1130
-0.8036190086859818 1131
-0.8036190086859818 1132
-0.8036190086859818 1133
-0.8036190086859818 1134
-0.8036190086859818 1135
-0.8036190086859818 1136
-0.8036190086859818 1137
-0.8036190086859818 1138
-0.8036190086859818 1139
-0.8036190086859818 1140
-0.8036190086859818 1141
-0.8036190086859818 1142
-0.8036190086859818 1143
-0.8036190086859818 1144
-0.8036190086859818 1145
-0.8036190086859818 1146
-0.8036190086859818 1147
-0.8036190086859818 1148
-0.8036190086859818 1149
-0.8036190086859818 1150
-0.8036190086859818 1151
-0.8036190086859818 1152
-0.8036190086859818 1153
-0.8036190086859818 1154
-0.8036190086859818 1155
-0.8036190086859818 1156
-0.8036190086859818 1157
-0.8036190086859818 1158
-0.8036190086859818 1159
-0.8036190086859818 1160
-0.8036190086859818 1161
-0.8036190086859818 1162
-0.8036190086859818 1163
-0.8036190086859818 1164
-0.8036190086859818 1165
-0.8036190086859818 1166
-0.8036190086859818 1167
-0.8036190086859818 1168
-0.8036190086859818 1169
-0.8036190086859818 1170
-0.8036190086859818 1171
-0.8036190086859818 1172
-0.8036190086859818 1173
-0.8036190086859818 1174
-0.8036190086859818 1175
-0.8036190086859818 1176
-0.8036190086859818 1177
-0.8036190086859818 1178
-0.8036190086859818 1179
-0.8036190086859818 1180
-0.8036190086859818 1181
-0.8036190086859818 1182
-0.8036190086859818 1183
-0.8036190086859818 1184
-0.8036190086859818 1185
-0.8036190086859818 1186
-0.8036190086859818 1187
-0.8036190086859818 1188
-0.8036190086859818 1189
-0.8036190086859818 1190
-0.8036190086859818 1191
-0.8036190086859818 1192
-0.8036190086859818 1193
-0.8036190086859818 1194
-0.8036190086859818 1195
-0.8036190086859818 1196
-0.8036190086859818 1197
-0.8036190086859818 1198
-0.8036190086859818 1199
-0.8036190086859818 1200
-0.8036190086859818 1201
-0.8036190086859818 1202
-0.8036190086859818 1203
-0.8036190086859818 1204
-0.8036190086859818 1205
-0.8036190086859818 1206
-0.8036190086859818 1207
-0.8036190086859818 1208
-0.8036190086859818 1209
-0.8036190086859818 1210
-0.8036190086859818 1211
-0.8036190086859818 1212
-0.8036190086859818 1213
-0.8036190086859818 1214
-0.8036190086859818 1215
-0.8036190086859818 1216
-0.8036190086859818 1217
-0.8036190086859818 1218
-0.8036190086859818 1219
-0.8036190086859818 1220
-0.8036190086859818 1221
-0.8036190086859818 1222
-0.8036190086859818 1223
-0.8036190086859818 1224
-0.8036190086859818 1225
-0.8036190086859818 1226
-0.8036190086859818 1227
-0.8036190086859818 1228
-0.8036190086859818 1229
-0.8036190086859818 1230
-0.8036190086859818 1231
-0.8036190086859818 1232
-0.8036190086859818 1233
-0.8036190086859818 1234
-0.8036190086859818 1235
-0.8036190086859818 1236
-0.8036190086859818 1237
-0.8036190086859818 1238
-0.8036190086859818 1239
-0.8036190086859818 1240
-0.8036190086859818 1241
-0.8036190086859818 1242
-0.8036190086859818 1243
-0.8036190086859818 1244
-0.8036190086859818 1245
-0.8036190086859818 1246
-0.8036190086859818 1247
-0.8036190086859818 1248
-0.8036190086859818 1249
-0.8036190086859818 1250
-0.8036190086859818 1251
-0.8036190086859818 1252
-0.8036190086859818 1253
-0.8036190086859818 1254
-0.8036190204672552 1255
-0.8036190204672552 1256
-0.8036190204672552 1257
-0.8036190204672552 1258
-0.8036190204672552 1259
-0.8036190204672552 1260
-0.8036190204672552 1261
-0.8036190204672552 1262
-0.8036190204672552 1263
-0.8036190204672552 1264
-0.8036190204672552 1265
-0.8036190204672552 1266
-0.8036190204672552 1267
-0.8036190204672552 1268
-0.8036190204672552 1269
-0.8036190204672552 1270
-0.8036190204672552 1271
-0.8036190204672552 1272
-0.8036190204672552 1273
-0.8036190204672552 1274
-0.8036190204672552 1275
-0.8036190204672552 1276
-0.8036190204672552 1277
-0.8036190204672552 1278
-0.8036190204672552 1279
-0.8036190204672552 1280
-0.8036190204672552 1281
-0.8036190204672552 1282
-0.8036190204672552 1283
-0.8036190204672552 1284
-0.8036190204672552 1285
-0.8036190204672552 1286
-0.8036190204672552 1287
-0.8036190204672552 1288
-0.8036190204672552 1289
-0.8036190204672552 1290
-0.8036190204672552 1291
-0.8036190204672552 1292
-0.8036190204672552 1293
-0.8036190204672552 1294
-0.8036190260014409 1295
-0.8036190260014409 1296
-0.8036190260014409 1297
-0.8036190260014409 1298
-0.8036190260014409 1299
-0.8036190260014409 1300
-0.8036190260014409 1301
-0.8036190260014409 1302
-0.8036190260014409 1303
-0.8036190260014409 1304
-0.8036190260014409 1305
-0.8036190260014409 1306
-0.8036190260014409 1307
-0.8036190260014409 1308
-0.8036190260014409 1309
-0.8036190260014409 1310
-0.8036190260014409 1311
-0.8036190260014409 1312
-0.8036190260014409 1313
-0.8036190260014409 1314
-0.8036190260014409 1315
-0.8036190260014409 1316
-0.8036190260014409 1317
-0.8036190260014409 1318
-0.8036190260014409 1319
-0.8036190260014409 1320
-0.8036190260014409 1321
-0.8036190260014409 1322
-0.8036190260014409 1323
-0.8036190260014409 1324
-0.8036190260014409 1325
-0.8036190260014409 1326
-0.8036190260014409 1327
-0.8036190260014409 1328
-0.8036190260014409 1329
-0.8036190260014409 1330
-0.8036190260014409 1331
-0.8036190260014409 1332
-0.8036190260014409 1333
-0.8036190260014409 1334
-0.8036190260014409 1335
-0.8036190260014409 1336
-0.8036190260014409 1337
-0.8036190303127114 1338
-0.803619050385825 1339
-0.803619050385825 1340
-0.803619050385825 1341
-0.803619050385825 1342
-0.803619050385825 1343
-0.8036190538289955 1344
-0.8036190538289955 1345
-0.8036190538289955 1346
-0.8036190576928365 1347
-0.8036190602458436 1348
-0.8036190602458436 1349
-0.8036190602458436 1350
-0.8036190602458436 1351
-0.8036190602458436 1352
-0.8036190602458436 1353
-0.8036190602458436 1354
-0.8036190602458436 1355
-0.8036190602458436 1356
-0.8036190602458436 1357
-0.8036190602458436 1358
-0.8036190629523057 1359
-0.8036190629523057 1360
-0.8036190629523057 1361
-0.8036190629523057 1362
-0.8036190629523057 1363
-0.8036190629523057 1364
-0.8036190629523057 1365
-0.8036190629523057 1366
-0.8036190629523057 1367
-0.8036190629523057 1368
-0.8036190629523057 1369
-0.8036190629523057 1370
-0.8036190629523057 1371
-0.8036190629523057 1372
-0.8036190629523057 1373
-0.8036190629523057 1374
-0.8036190629523057 1375
-0.8036190629523057 1376
-0.8036190629523057 1377
-0.8036190629523057 1378
-0.8036190629523057 1379
-0.8036190629523057 1380
-0.8036190629523057 1381
-0.8036190629523057 1382
-0.8036190629523057 1383
-0.8036190629523057 1384
-0.8036190629523057 1385
-0.8036190629523057 1386
-0.8036190629523057 1387
-0.8036190629523057 1388
-0.8036190629523057 1389
-0.8036190629523057 1390
-0.8036190629523057 1391
-0.8036190629523057 1392
-0.8036190629523057 1393
-0.8036190629523057 1394
-0.8036190629523057 1395
-0.8036190629523057 1396
-0.8036190629523057 1397
-0.8036190629523057 1398
-0.8036190629523057 1399
-0.8036190629523057 1400
-0.8036190629523057 1401
-0.8036190629523057 1402
-0.8036190629523057 1403
-0.8036190629523057 1404
-0.8036190629523057 1405
-0.8036190629523057 1406
-0.8036190629523057 1407
-0.8036190629523057 1408
-0.8036190629523057 1409
-0.8036190629523057 1410
-0.8036190629523057 1411
-0.8036190629523057 1412
-0.8036190749543343 1413
-0.8036190749543343 1414
-0.8036190749543343 1415
-0.8036190749543343 1416
-0.8036190749543343 1417
-0.8036190749543343 1418
-0.8036190749543343 1419
-0.8036190749543343 1420
-0.8036190749543343 1421
-0.8036190749543343 1422
-0.8036190749543343 1423
-0.8036190749543343 1424
-0.8036190749543343 1425
-0.8036190749543343 1426
-0.8036190749543343 1427
-0.8036190749543343 1428
-0.8036190749543343 1429
-0.8036190749543343 1430
-0.8036190749543343 1431
-0.8036190749543343 1432
-0.8036190749543343 1433
-0.8036190749543343 1434
-0.8036190749543343 1435
-0.8036190749543343 1436
-0.8036190749543343 1437
-0.8036190749543343 1438
-0.8036190749543343 1439
-0.8036190749543343 1440
-0.8036190749543343 1441
-0.8036190749543343 1442
-0.8036190749543343 1443
-0.8036190749543343 1444
-0.8036190749543343 1445
-0.8036190749543343 1446
-0.8036190749543343 1447
-0.8036190749543343 1448
-0.8036190749543343 1449
-0.8036190749543343 1450
-0.8036190749543343 1451
-0.8036190749543343 1452
-0.8036190749543343 1453
-0.8036190749543343 1454
-0.8036190749543343 1455
-0.8036190749543343 1456
-0.8036190749543343 1457
-0.8036190749543343 1458
-0.8036190749543343 1459
-0.8036190749543343 1460
-0.8036190749543343 1461
-0.8036190749543343 1462
-0.8036190749543343 1463
-0.8036190749543343 1464
-0.8036190749543343 1465
-0.8036190766207871 1466
-0.8036190775845296 1467
-0.8036190838911109 1468
-0.8036190838911109 1469
-0.8036190838911109 1470
-0.8036190838911109 1471
-0.8036190838911109 1472
-0.8036190838911109 1473
-0.8036190838911109 1474
-0.8036190838911109 1475
-0.8036190838911109 1476
-0.8036190838911109 1477
-0.8036190838911109 1478
-0.8036190838911109 1479
-0.8036190838911109 1480
-0.8036190838911109 1481
-0.8036190838911109 1482
-0.8036190838911109 1483
-0.8036190838911109 1484
-0.8036190838911109 1485
-0.8036190838911109 1486
-0.8036190838911109 1487
-0.8036190838911109 1488
-0.8036190838911109 1489
-0.8036190838911109 1490
-0.8036190838911109 1491
-0.8036190838911109 1492
-0.8036190838911109 1493
-0.8036190838911109 1494
-0.8036190838911109 1495
-0.8036190838911109 1496
-0.8036190891152775 1497
-0.8036190891152775 1498
-0.8036190891152775 1499
-0.8036190891152775 1500
-0.8036190891152775 1501
-0.8036190891152775 1502
-0.8036190891152775 1503
-0.8036190891152775 1504
-0.8036190891152775 1505
-0.8036190891152775 1506
-0.8036190891152775 1507
-0.8036190891152775 1508
-0.8036190891152775 1509
-0.8036190891152775 1510
-0.8036190891152775 1511
-0.8036190891152775 1512
-0.8036190891152775 1513
-0.8036190891152775 1514
-0.8036190891152775 1515
-0.8036190891152775 1516
-0.8036190891152775 1517
-0.8036190891152775 1518
-0.8036190891152775 1519
-0.8036190891152775 1520
-0.8036190891152775 1521
-0.8036190891152775 1522
-0.8036190891152775 1523
-0.8036190891152775 1524
-0.8036190891152775 1525
-0.8036190891152775 1526
-0.8036190891152775 1527
-0.8036190891152775 1528
-0.8036190891152775 1529
-0.8036190891152775 1530
-0.8036190891152775 1531
-0.8036190891152775 1532
-0.8036190891152775 1533
-0.8036190891152775 1534
-0.8036190891152775 1535
-0.8036190891152775 1536
-0.8036190891152775 1537
-0.8036190891152775 1538
-0.8036190891152775 1539
-0.8036190891152775 1540
-0.8036190891152775 1541
-0.8036190891152775 1542
-0.8036190891152775 1543
-0.8036190891152775 1544
-0.8036190891152775 1545
-0.8036190891152775 1546
-0.8036190891152775 1547
-0.8036190891152775 1548
-0.8036190891152775 1549
-0.8036190891152775 1550
-0.8036190891152775 1551
-0.8036190891152775 1552
-0.8036190903504952 1553
-0.8036190903504952 1554
-0.8036190907558141 1555
-0.8036190907672566 1556
-0.8036190912691766 1557
-0.8036190912691766 1558
-0.8036190912691766 1559
-0.8036190912691766 1560
-0.8036190918662414 1561
-0.803619091889242 1562
-0.8036190920199239 1563
-0.8036190921295931 1564
-0.8036190922564489 1565
-0.8036190924694784 1566
-0.8036190927268775 1567
-0.8036190927268775 1568
-0.8036190927268775 1569
-0.8036190927268775 1570
-0.8036190927268775 1571
-0.8036190927268775 1572
-0.8036190927268775 1573
-0.8036190927731902 1574
-0.8036190930132021 1575
-0.8036190930132021 1576
-0.8036190930132021 1577
-0.8036190930132021 1578
-0.8036190930132021 1579
-0.8036190930132021 1580
-0.8036190930399144 1581
-0.8036190930804719 1582
-0.8036190930804719 1583
-0.8036190930832573 1584
-0.8036190930832573 1585
-0.8036190930832573 1586
-0.8036190930891439 1587
-0.8036190931277344 1588
-0.8036190931277344 1589
-0.8036190931277344 1590
-0.8036190931277344 1591
-0.8036190931277344 1592
-0.8036190931497957 1593
-0.8036190931653859 1594
-0.8036190931893314 1595
-0.8036190932240057 1596
-0.8036190932240057 1597
-0.8036190932240057 1598
-0.8036190932240057 1599
-0.8036190932240057 1600
-0.8036190932358663 1601
-0.8036190932358663 1602
-0.8036190932358663 1603
-0.8036190932358663 1604
-0.8036190932358663 1605
-0.8036190932358663 1606
-0.8036190932358663 1607
-0.8036190932358663 1608
-0.8036190932358663 1609
-0.8036190932742199 1610
-0.803619093372903 1611
-0.8036190934166718 1612
-0.8036190934395052 1613
-0.8036190934395052 1614
-0.8036190934395052 1615
-0.8036190934395052 1616
-0.8036190934395052 1617
-0.8036190935077605 1618
-0.8036190935077605 1619
-0.8036190935469577 1620
-0.8036190935693984 1621
-0.8036190935693984 1622
-0.8036190935693984 1623
-0.8036190935693984 1624
-0.8036190935912113 1625
-0.8036190935912113 1626
-0.8036190935912113 1627
-0.8036190935912113 1628
-0.8036190935912113 1629
-0.8036190935912113 1630
-0.8036190935912113 1631
-0.8036190935912113 1632
-0.8036190935912113 1633
-0.8036190935912113 1634
-0.8036190935912113 1635
-0.8036190935912113 1636
-0.8036190935912113 1637
-0.8036190935912113 1638
-0.803619093620101 1639
-0.8036190936416548 1640
-0.8036190936858494 1641
-0.8036190937958816 1642
-0.8036190937958816 1643
-0.8036190938451779 1644
-0.8036190938451779 1645
-0.8036190938451779 1646
-0.8036190938451779 1647
-0.8036190938451779 1648
-0.8036190938954721 1649
-0.8036190938954721 1650
-0.8036190938954721 1651
-0.8036190938954721 1652
-0.8036190939276793 1653
-0.8036190939448256 1654
-0.8036190939448256 1655
-0.8036190939448256 1656
-0.8036190939448256 1657
-0.8036190939448256 1658
-0.8036190939448256 1659
-0.8036190939448256 1660
-0.8036190939448256 1661
-0.8036190939448256 1662
-0.8036190939448256 1663
-0.8036190939448256 1664
-0.8036190939448256 1665
-0.8036190939448256 1666
-0.8036190939448256 1667
-0.8036190939448256 1668
-0.8036190939448256 1669
-0.8036190939448256 1670
-0.8036190939448256 1671
-0.8036190939448256 1672
-0.8036190939448256 1673
-0.8036190939448256 1674
-0.8036190939448256 1675
-0.8036190939448256 1676
-0.8036190939448256 1677
-0.8036190939448256 1678
-0.8036190939448256 1679
-0.8036190939603741 1680
-0.8036190940158098 1681
-0.8036190940158098 1682
-0.8036190940158098 1683
-0.8036190940417657 1684
-0.8036190940417657 1685
-0.8036190941672675 1686
-0.8036190941672675 1687
-0.8036190941672675 1688
-0.8036190941672675 1689
-0.8036190941672675 1690
-0.8036190941672675 1691
-0.8036190941672675 1692
-0.8036190941672675 1693
-0.8036190941672675 1694
-0.8036190941672675 1695
-0.8036190941672675 1696
-0.8036190941672675 1697
-0.8036190941672675 1698
-0.8036190941672675 1699
-0.8036190941672675 1700
-0.8036190941672675 1701
-0.8036190941672675 1702
-0.8036190941672675 1703
-0.8036190941672675 1704
-0.8036190941672675 1705
-0.8036190941672675 1706
-0.8036190941672675 1707
-0.8036190941672675 1708
-0.8036190941672675 1709
-0.8036190941672675 1710
-0.8036190941672675 1711
-0.8036190941672675 1712
-0.8036190941672675 1713
-0.8036190941672675 1714
-0.8036190941672675 1715
-0.8036190941672675 1716
-0.8036190941672675 1717
-0.8036190941672675 1718
-0.8036190941672675 1719
-0.8036190941672675 1720
-0.8036190941672675 1721
-0.8036190941672675 1722
-0.8036190941672675 1723
-0.8036190941672675 1724
-0.8036190941672675 1725
-0.8036190941672675 1726
-0.8036190941672675 1727
-0.8036190941672675 1728
-0.8036190941672675 1729
-0.8036190941672675 1730
-0.8036190941672675 1731
-0.8036190941672675 1732
-0.8036190941672675 1733
-0.8036190941672675 1734
-0.8036190941672675 1735
-0.8036190941672675 1736
-0.8036190941672675 1737
-0.8036190941672675 1738
-0.8036190941672675 1739
-0.8036190941672675 1740
-0.8036190941672675 1741
-0.8036190941672675 1742
-0.8036190941672675 1743
-0.8036190941672675 1744
-0.8036190941672675 1745
-0.8036190941672675 1746
-0.8036190941672675 1747
-0.8036190941672675 1748
-0.8036190941672675 1749
-0.8036190941672675 1750
-0.8036190941672675 1751
-0.8036190941672675 1752
-0.8036190941672675 1753
-0.8036190941672675 1754
-0.8036190941672675 1755
-0.8036190941672675 1756
-0.8036190941672675 1757
-0.8036190941672675 1758
-0.8036190941672675 1759
-0.8036190941672675 1760
-0.8036190941672675 1761
-0.8036190941672675 1762
-0.8036190941672675 1763
-0.8036190941672675 1764
-0.8036190941672675 1765
-0.8036190941672675 1766
-0.8036190941672675 1767
-0.8036190941672675 1768
-0.8036190941672675 1769
-0.8036190941672675 1770
-0.8036190941672675 1771
-0.8036190941672675 1772
-0.8036190941672675 1773
-0.8036190941672675 1774
-0.8036190941672675 1775
-0.8036190941672675 1776
-0.8036190941672675 1777
-0.8036190941672675 1778
-0.8036190941672675 1779
-0.8036190941672675 1780
-0.8036190941672675 1781
-0.8036190941672675 1782
-0.8036190941672675 1783
-0.8036190941672675 1784
-0.8036190941672675 1785
