-43.111052660302256 168
-43.76398453949886 196
-46.207394206451596 198
-43.567466084970626 203
-46.40744714452097 210
-40.00737604666981 214
-41.66757236875169 215
-45.2045969763323 218
-44.57386292014 222
-43.45739569597755 229
-45.64552755769964 232
-44.36564402723326 234
-39.6105873397941 235
-46.896359723442366 236
-45.886582124447614 237
-44.79363630142751 238
-45.889437212355446 239
-46.01437410059633 240
-45.76960474811762 241
-46.20615377869737 242
-46.69769984609224 243
-46.813293884260474 244
-46.813293884260474 245
-47.0791619999002 249
-46.466329906358 253
-47.09285547657324 254
-47.0197730117985 255
-46.90244444059808 256
-46.43934294682 258
-46.01397013906708 261
-47.05320943685069 264
-47.51166773539354 265
-47.60146256319668 266
-46.70645140701658 267
-47.174988950010786 268
-46.50971766793669 269
-47.05730332824549 272
-46.47747949061005 273
-47.412290767997604 276
-46.69141680539289 277
-47.11465368761816 278
-47.56606891602997 279
-46.62881479922238 280
-47.582452815598096 281
-47.4355655878649 282
-47.75200051067639 291
-47.535808639774295 293
-47.66179778893605 294
-47.50467855888543 295
-47.645013538917965 296
-47.61692408374578 297
-47.676169531708126 298
-47.525182732608016 299
-47.440009298836024 300
-47.53795263011965 301
-47.60169481671265 302
-47.60566044090066 303
-47.60566044090066 304
-47.60566044090066 305
-47.60566044090066 306
-47.60566044090066 307
-47.60566044090066 308
-47.60566044090066 309
-47.60566044090066 310
-47.60566044090066 311
-47.60566044090066 312
-47.60566044090066 313
-47.69483061545052 314
-47.69483061545052 315
-47.69483061545052 316
-47.69483061545052 317
-47.69483061545052 318
-47.69483061545052 319
-47.69483061545052 320
-47.72946184909256 321
-47.72946184909256 322
-47.72946184909256 323
-47.72946184909256 324
-47.72946184909256 325
-47.72946184909256 326
-47.72946184909256 327
-47.72946184909256 328
-47.746671024547766 329
-47.74745563805326 330
-47.750554956685896 331
-47.750554956685896 332
-47.750554956685896 333
-47.75090609875433 334
-47.752627058186725 335
-47.752627058186725 336
-47.752627058186725 337
-47.752627058186725 338
-47.752627058186725 339
-47.752627058186725 340
-47.752627058186725 341
-47.752627058186725 342
-47.752627058186725 343
-47.752627058186725 344
-47.752627058186725 345
-47.75398912401193 346
-47.75398912401193 347
-47.75398912401193 348
-47.75398912401193 349
-47.75398912401193 350
-47.75398912401193 351
-47.75424273813623 352
-47.75614429696206 353
-47.75614429696206 354
-47.75614429696206 355
-47.75614429696206 356
-47.75614429696206 357
-47.75614429696206 358
-47.75614429696206 359
-47.75614429696206 360
-47.75614429696206 361
-47.75633002767991 362
-47.757358325522425 363
-47.75738199418973 364
-47.757609306848586 365
-47.75816089905873 366
-47.758501376054355 367
-47.758501376054355 368
-47.758501376054355 369
-47.758501376054355 370
-47.758501376054355 371
-47.758501376054355 372
-47.758501376054355 373
-47.758701060802274 374
-47.758701060802274 375
-47.758701060802274 376
-47.758701060802274 377
-47.75916668229209 378
-47.75916668229209 379
-47.75916668229209 380
-47.75939194652517 381
-47.75939194652517 382
-47.759656642902996 383
-47.75982005376156 384
-47.75982005376156 385
-47.76024210479473 386
-47.76024210479473 387
-47.760356885905175 388
-47.760530813320095 389
-47.760530813320095 390
-47.76091439687724 391
-47.76104064079632 392
-47.76138441285141 393
-47.761766682859054 394
-47.76193789495186 395
-47.762044043182456 396
-47.76249666403181 397
-47.76249666403181 398
-47.762936519067765 399
-47.76319007337514 400
-47.76319007337514 401
-47.76320747074444 402
-47.76361738549541 403
-47.763624867577406 404
-47.7639165065016 405
-47.76396365067561 406
-47.76396365067561 407
-47.764020140971446 408
-47.764020140971446 409
-47.76421611142963 410
-47.76421611142963 411
-47.76421611142963 412
-47.76421611142963 413
-47.76421611142963 414
-47.76436549071135 415
-47.76438771395419 416
-47.76440277214115 417
-47.76445878688562 418
-47.76445878688562 419
-47.764537539611624 420
-47.76460441890859 421
-47.76463027542801 422
-47.76463027542801 423
-47.76463027542801 424
-47.76465855766585 425
-47.764707080722694 426
-47.764721319005055 427
-47.764721552093334 428
-47.764721552093334 429
-47.764747565533824 430
-47.764747565533824 431
-47.764747565533824 432
-47.7647518120255 433
-47.764772176562005 434
-47.764772176562005 435
-47.76477763494792 436
-47.76477763494792 437
-47.76477763494792 438
-47.76477763494792 439
-47.76477763494792 440
-47.76477763494792 441
-47.76477763494792 442
-47.76477763494792 443
-47.76477763494792 444
-47.76477763494792 445
-47.76477763494792 446
-47.76477763494792 447
-47.76477763494792 448
-47.76477763494792 449
-47.76477763494792 450
-47.76477763494792 451
-47.76477763494792 452
-47.764795027500725 453
-47.764795027500725 454
-47.76479940001532 455
-47.76479940001532 456
-47.76479940001532 457
-47.76479940001532 458
-47.764811098418285 459
-47.764811098418285 460
-47.764811449000156 461
-47.764811449000156 462
-47.764811449000156 463
-47.76481195769933 464
-47.76481873598504 465
-47.76481873598504 466
-47.76481873598504 467
-47.76481873598504 468
-47.76481873598504 469
-47.76481873598504 470
-47.76482043569888 471
-47.76482043569888 472
-47.76482043569888 473
-47.76482043569888 474
-47.76482043569888 475
-47.76482043569888 476
-47.76482181857365 477
-47.76482440918953 478
-47.76482440918953 479
-47.76482440918953 480
-47.76482440918953 481
-47.76482570279866 482
-47.76482570279866 483
-47.76482831029119 484
-47.76482831029119 485
-47.76482831029119 486
-47.76482831029119 487
-47.76483213545487 488
-47.76483213545487 489
-47.76483213545487 490
-47.76483213545487 491
-47.76483213545487 492
-47.76483401571704 493
-47.764835797113214 494
-47.764835797113214 495
-47.764835797113214 496
-47.764835797113214 497
-47.764837144606716 498
-47.764837144606716 499
-47.76483868588948 500
-47.76483944730119 501
-47.76484125281629 502
-47.76484352721672 503
-47.764844992287266 504
-47.76484993066204 505
-47.76484993066204 506
-47.76485441800408 507
-47.7648587217592 508
-47.76486107141391 509
-47.764861096748696 510
-47.76486320577938 511
-47.76486543941636 512
-47.76486783899399 513
-47.76486965879672 514
-47.764872553483094 515
-47.76487664422594 516
-47.76487664422594 517
-47.76487664422594 518
-47.764878842381165 519
-47.764879327775645 520
-47.76488184395197 521
-47.76488184395197 522
-47.76488184395197 523
-47.76488184395197 524
-47.76488224405631 525
-47.76488224405631 526
-47.76488359756677 527
-47.76488406137832 528
-47.76488406137832 529
-47.764885446311006 530
-47.764885446311006 531
-47.764885729980314 532
-47.764885729980314 533
-47.764885821654794 534
-47.76488586829535 535
-47.76488586829535 536
-47.764886916059424 537
-47.764886916059424 538
-47.764886916059424 539
-47.764886916059424 540
-47.764886916059424 541
-47.764886916059424 542
-47.764886916059424 543
-47.764886916059424 544
-47.764886916059424 545
-47.764886993995034 546
-47.764886993995034 547
-47.764886993995034 548
-47.764886993995034 549
-47.764887155194344 550
-47.764887155194344 551
-47.764887155194344 552
-47.76488741549473 553
-47.76488741549473 554
-47.76488741549473 555
-47.764887503082974 556
-47.764887503082974 557
-47.764887503082974 558
-47.764887503082974 559
-47.764887503082974 560
-47.76488764086115 561
-47.76488764086115 562
-47.76488764086115 563
-47.76488764086115 564
-47.76488764086115 565
-47.76488764086115 566
-47.76488764086115 567
-47.76488768514801 568
-47.76488772666546 569
-47.76488772666546 570
-47.76488781075299 571
-47.76488782286784 572
-47.7648879552017 573
-47.76488811853652 574
-47.76488811853652 575
-47.76488811853652 576
-47.76488811853652 577
-47.76488811853652 578
-47.76488811853652 579
-47.7648881785736 580
-47.76488829294114 581
-47.76488829294114 582
-47.76488829294114 583
-47.76488829294114 584
-47.76488830451771 585
-47.76488830451771 586
-47.76488830451771 587
-47.76488830451771 588
-47.76488830451771 589
-47.76488830451771 590
-47.76488830451771 591
-47.76488834480641 592
-47.76488834480641 593
-47.76488834480641 594
-47.76488834480641 595
-47.76488834480641 596
-47.76488834480641 597
-47.76488834480641 598
-47.764888359311136 599
-47.76488836396469 600
-47.764888383710726 601
-47.764888383710726 602
-47.764888383710726 603
-47.764888383710726 604
-47.764888383710726 605
-47.764888383710726 606
-47.7648883885292 607
-47.764888394346436 608
-47.764888394346436 609
-47.764888394346436 610
-47.764888394346436 611
-47.764888394346436 612
-47.764888394346436 613
-47.764888394346436 614
-47.764888394346436 615
-47.764888394346436 616
-47.764888394346436 617
-47.76488839849449 618
-47.76488842056222 619
-47.76488842056222 620
-47.76488842056222 621
-47.76488842056222 622
-47.76488842056222 623
-47.76488842056222 624
-47.76488842056222 625
-47.76488842056222 626
-47.76488842056222 627
-47.76488843352848 628
-47.76488843352848 629
-47.76488843352848 630
-47.76488843352848 631
-47.76488843352848 632
-47.76488843352848 633
-47.76488843352848 634
-47.76488843352848 635
-47.76488843352848 636
-47.76488843352848 637
-47.76488843352848 638
-47.76488843352848 639
-47.76488843507282 640
-47.76488843507282 641
-47.76488843507282 642
-47.76488843507282 643
-47.76488843507282 644
-47.76488843507282 645
-47.76488843507282 646
-47.76488843507282 647
-47.76488843507282 648
-47.76488843507282 649
-47.76488843507282 650
-47.76488843507282 651
-47.76488843507282 652
-47.76488843632556 653
-47.76488843632556 654
-47.76488843632556 655
-47.76488843632556 656
-47.76488843632556 657
-47.76488843632556 658
-47.76488843632556 659
-47.76488844518899 660
-47.76488844518899 661
-47.76488844518899 662
-47.76488844518899 663
-47.76488844518899 664
-47.76488844637939 665
-47.76488844637939 666
-47.76488844637939 667
-47.76488844637939 668
-47.76488844637939 669
-47.76488844637939 670
-47.76488844666346 671
-47.764888449679155 672
-47.764888452168194 673
-47.764888452168194 674
-47.76488845301248 675
-47.76488845301248 676
-47.76488845301248 677
-47.76488845329382 678
-47.76488845329382 679
-47.76488845329382 680
-47.76488845329382 681
-47.764888454788405 682
-47.764888454788405 683
-47.764888454788405 684
-47.764888454788405 685
-47.764888454788405 686
-47.764888454788405 687
-47.764888454788405 688
-47.764888454788405 689
-47.76488845496097 690
-47.76488845496097 691
-47.76488845739767 692
-47.76488845739767 693
-47.76488845745917 694
-47.76488845745917 695
-47.76488845745917 696
-47.76488845745917 697
-47.764888457536415 698
-47.764888457536415 699
-47.764888457536415 700
-47.764888457536415 701
-47.764888457536415 702
-47.76488845763398 703
-47.76488845790082 704
-47.76488845790082 705
-47.76488845790082 706
-47.76488845790082 707
-47.76488845790082 708
-47.76488845790082 709
-47.76488845790082 710
-47.76488845790082 711
-47.76488845790082 712
-47.76488845790082 713
-47.76488845790082 714
-47.76488845790082 715
-47.76488845790082 716
-47.76488845790082 717
-47.76488845790082 718
-47.76488845790082 719
-47.76488845790082 720
-47.76488845790082 721
-47.76488845790082 722
-47.76488845790082 723
-47.76488845790082 724
-47.76488845790082 725
-47.76488845790082 726
-47.76488845790082 727
-47.76488845802167 728
-47.76488845802167 729
-47.76488845802167 730
-47.76488845802167 731
-47.76488845802167 732
-47.76488845802167 733
-47.76488845802167 734
-47.76488845814192 735
-47.76488845814192 736
-47.76488845816752 737
-47.76488845816752 738
-47.76488845816752 739
-47.76488845818458 740
-47.76488845818458 741
-47.7648884585873 742
-47.7648884585873 743
-47.7648884585873 744
-47.7648884585873 745
-47.7648884585873 746
-47.764888458682194 747
-47.76488845891889 748
-47.76488845891889 749
-47.76488845891889 750
-47.76488845903453 751
-47.76488845903453 752
-47.76488845903453 753
-47.76488845924389 754
-47.76488845924389 755
-47.76488845924389 756
-47.76488845924389 757
-47.76488845924389 758
-47.76488845924389 759
-47.76488845928224 760
-47.76488845928224 761
-47.76488845928224 762
-47.76488845928338 763
-47.76488845928338 764
-47.76488845928338 765
-47.76488845928338 766
-47.764888459284165 767
-47.764888459322535 768
-47.764888459322535 769
-47.764888459351994 770
-47.76488845940649 771
-47.76488845940649 772
-47.76488845940649 773
-47.76488845940649 774
-47.76488845940649 775
-47.764888459409946 776
-47.764888459409946 777
-47.764888459409946 778
-47.76488845945658 779
-47.76488845945658 780
-47.76488845945658 781
-47.76488845945658 782
-47.76488845945658 783
-47.76488845945658 784
-47.76488845945658 785
-47.764888459461076 786
-47.764888459461076 787
-47.764888459461076 788
-47.764888459461076 789
-47.764888459461076 790
-47.764888459461076 791
-47.764888459461076 792
-47.764888459461076 793
-47.764888459461076 794
-47.764888459461076 795
-47.764888459461076 796
-47.764888459461076 797
-47.764888459461076 798
-47.764888459461076 799
-47.764888459461076 800
-47.764888459461076 801
-47.764888459461076 802
-47.76488845947231 803
-47.76488845947231 804
-47.76488845947231 805
-47.76488845947231 806
-47.76488845947231 807
-47.76488845947231 808
-47.764888459473 809
-47.76488845947565 810
-47.764888459476595 811
-47.76488845947723 812
-47.76488845947723 813
-47.76488845947794 814
-47.76488845947794 815
-47.76488845947794 816
-47.76488845947794 817
-47.76488845947794 818
-47.76488845947794 819
-47.76488845947794 820
-47.76488845947794 821
-47.76488845947794 822
-47.76488845947794 823
-47.764888459481874 824
-47.764888459481874 825
-47.764888459482584 826
-47.76488845948308 827
-47.76488845948308 828
-47.76488845948308 829
-47.76488845948308 830
-47.76488845948308 831
-47.76488845948308 832
-47.76488845948308 833
-47.76488845948308 834
-47.76488845948308 835
-47.76488845948481 836
-47.7648884594854 837
-47.76488845948605 838
-47.76488845948605 839
-47.76488845948605 840
-47.76488845948751 841
-47.76488845948751 842
-47.76488845948751 843
-47.76488845948751 844
-47.76488845948751 845
-47.76488845948751 846
-47.76488845948751 847
-47.76488845948751 848
-47.76488845948751 849
-47.76488845948751 850
-47.76488845948751 851
-47.7648884594887 852
-47.7648884594887 853
-47.7648884594887 854
-47.7648884594887 855
-47.7648884594887 856
-47.7648884594887 857
-47.7648884594887 858
-47.7648884594887 859
-47.7648884594887 860
-47.76488845948899 861
-47.76488845948899 862
-47.76488845948899 863
-47.76488845948899 864
-47.764888459489285 865
-47.764888459489285 866
-47.764888459489285 867
-47.76488845948948 868
-47.7648884594895 869
-47.7648884594895 870
-47.76488845948978 871
-47.76488845948978 872
-47.76488845948978 873
-47.76488845948978 874
-47.76488845948978 875
-47.76488845948978 876
-47.76488845948978 877
-47.76488845948978 878
-47.76488845949024 879
-47.7648884594905 880
-47.76488845949059 881
-47.76488845949063 882
-47.76488845949063 883
-47.76488845949063 884
-47.76488845949063 885
-47.76488845949081 886
-47.76488845949085 887
-47.76488845949094 888
-47.76488845949094 889
-47.76488845949094 890
-47.76488845949102 891
-47.76488845949102 892
-47.764888459491026 893
-47.764888459491026 894
-47.764888459491026 895
-47.764888459491026 896
-47.764888459491026 897
-47.764888459491026 898
-47.76488845949127 899
-47.76488845949127 900
-47.76488845949127 901
-47.76488845949127 902
-47.76488845949127 903
-47.76488845949127 904
-47.76488845949127 905
-47.76488845949127 906
-47.76488845949127 907
-47.76488845949127 908
-47.76488845949127 909
-47.76488845949127 910
-47.76488845949127 911
-47.76488845949127 912
-47.76488845949127 913
-47.76488845949134 914
-47.76488845949134 915
-47.76488845949134 916
-47.76488845949134 917
-47.76488845949134 918
-47.76488845949134 919
-47.76488845949137 920
-47.76488845949137 921
-47.76488845949137 922
-47.76488845949137 923
-47.76488845949137 924
-47.76488845949137 925
-47.76488845949137 926
-47.7648884594914 927
-47.7648884594914 928
-47.7648884594914 929
-47.7648884594914 930
-47.7648884594914 931
-47.7648884594914 932
-47.7648884594914 933
-47.76488845949143 934
-47.76488845949143 935
-47.76488845949143 936
-47.76488845949143 937
-47.76488845949143 938
-47.76488845949143 939
-47.76488845949143 940
-47.76488845949143 941
-47.76488845949143 942
-47.76488845949143 943
-47.76488845949143 944
-47.76488845949143 945
-47.76488845949143 946
-47.76488845949143 947
-47.76488845949143 948
-47.76488845949143 949
-47.76488845949143 950
-47.76488845949143 951
-47.76488845949144 952
-47.764888459491445 953
-47.764888459491445 954
-47.764888459491445 955
-47.764888459491445 956
-47.764888459491445 957
-47.764888459491445 958
-47.764888459491445 959
-47.76488845949145 960
-47.76488845949145 961
-47.76488845949145 962
-47.76488845949146 963
-47.76488845949146 964
-47.76488845949146 965
-47.76488845949146 966
-47.76488845949146 967
-47.76488845949146 968
-47.764888459491466 969
-47.764888459491466 970
-47.764888459491466 971
-47.764888459491466 972
-47.764888459491466 973
-47.764888459491466 974
-47.764888459491466 975
-47.764888459491466 976
-47.764888459491466 977
-47.764888459491466 978
-47.764888459491466 979
-47.764888459491466 980
-47.764888459491466 981
-47.764888459491466 982
-47.764888459491466 983
-47.764888459491466 984
-47.76488845949147 985
-47.76488845949147 986
-47.76488845949147 987
-47.76488845949147 988
-47.76488845949147 989
-47.76488845949147 990
-47.76488845949147 991
-47.76488845949147 992
-47.76488845949147 993
-47.76488845949147 994
-47.76488845949148 995
-47.76488845949148 996
-47.76488845949148 997
-47.76488845949148 998
-47.76488845949148 999
-47.76488845949148 1000
-47.76488845949148 1001
-47.76488845949148 1002
-47.76488845949148 1003
-47.76488845949148 1004
-47.76488845949148 1005
-47.76488845949148 1006
-47.76488845949148 1007
-47.76488845949148 1008
-47.76488845949148 1009
-47.76488845949148 1010
-47.76488845949148 1011
-47.76488845949148 1012
-47.76488845949148 1013
-47.76488845949148 1014
-47.76488845949148 1015
-47.76488845949148 1016
-47.76488845949148 1017
-47.76488845949148 1018
-47.76488845949149 1019
-47.76488845949149 1020
-47.76488845949149 1021
-47.76488845949149 1022
-47.76488845949149 1023
-47.76488845949149 1024
-47.76488845949149 1025
-47.76488845949149 1026
-47.76488845949149 1027
-47.76488845949149 1028
-47.76488845949149 1029
-47.76488845949149 1030
-47.76488845949149 1031
-47.76488845949149 1032
-47.76488845949149 1033
-47.76488845949149 1034
-47.76488845949149 1035
-47.76488845949149 1036
-47.76488845949149 1037
-47.76488845949149 1038
-47.76488845949149 1039
-47.76488845949149 1040
-47.76488845949149 1041
-47.76488845949149 1042
-47.76488845949149 1043
-47.76488845949149 1044
-47.76488845949149 1045
-47.76488845949149 1046
-47.76488845949149 1047
-47.76488845949149 1048
-47.76488845949149 1049
-47.76488845949149 1050
-47.76488845949149 1051
-47.76488845949149 1052
-47.76488845949149 1053
-47.76488845949149 1054
-47.76488845949149 1055
-47.76488845949149 1056
-47.76488845949149 1057
-47.76488845949149 1058
-47.76488845949149 1059
-47.76488845949149 1060
-47.76488845949149 1061
-47.76488845949149 1062
-47.76488845949149 1063
-47.76488845949149 1064
-47.76488845949149 1065
-47.76488845949149 1066
-47.76488845949149 1067
-47.76488845949149 1068
-47.76488845949149 1069
-47.76488845949149 1070
-47.76488845949149 1071
-47.76488845949149 1072
-47.76488845949149 1073
-47.76488845949149 1074
-47.76488845949149 1075
-47.76488845949149 1076
-47.76488845949149 1077
-47.76488845949149 1078
-47.76488845949149 1079
-47.76488845949149 1080
-47.76488845949149 1081
-47.76488845949149 1082
-47.76488845949149 1083
-47.76488845949149 1084
-47.76488845949149 1085
-47.76488845949149 1086
-47.76488845949149 1087
-47.76488845949149 1088
-47.76488845949149 1089
-47.76488845949149 1090
-47.76488845949149 1091
-47.76488845949149 1092
-47.76488845949149 1093
-47.76488845949149 1094
-47.76488845949149 1095
-47.76488845949149 1096
-47.76488845949149 1097
-47.76488845949149 1098
-47.76488845949149 1099
-47.76488845949149 1100
-47.76488845949149 1101
-47.76488845949149 1102
-47.76488845949149 1103
-47.76488845949149 1104
-47.76488845949149 1105
-47.76488845949149 1106
-47.76488845949149 1107
-47.76488845949149 1108
-47.76488845949149 1109
-47.76488845949149 1110
-47.76488845949149 1111
-47.76488845949149 1112
-47.76488845949149 1113
-47.76488845949149 1114
-47.76488845949149 1115
-47.76488845949149 1116
-47.76488845949149 1117
-47.76488845949149 1118
-47.76488845949149 1119
-47.76488845949149 1120
-47.76488845949149 1121
-47.76488845949149 1122
-47.76488845949149 1123
-47.76488845949149 1124
-47.76488845949149 1125
-47.76488845949149 1126
-47.76488845949149 1127
-47.76488845949149 1128
-47.76488845949149 1129
-47.76488845949149 1130
-47.76488845949149 1131
-47.76488845949149 1132
-47.76488845949149 1133
-47.76488845949149 1134
-47.76488845949149 1135
-47.76488845949149 1136
-47.76488845949149 1137
-47.76488845949149 1138
-47.76488845949149 1139
-47.76488845949149 1140
-47.76488845949149 1141
-47.76488845949149 1142
-47.76488845949149 1143
-47.76488845949149 1144
-47.76488845949149 1145
-47.76488845949149 1146
-47.76488845949149 1147
-47.76488845949149 1148
-47.76488845949149 1149
-47.76488845949149 1150
-47.76488845949149 1151
-47.76488845949149 1152
-47.76488845949149 1153
-47.76488845949149 1154
-47.76488845949149 1155
-47.76488845949149 1156
-47.76488845949149 1157
-47.76488845949149 1158
-47.76488845949149 1159
-47.76488845949149 1160
-47.76488845949149 1161
-47.76488845949149 1162
-47.76488845949149 1163
-47.76488845949149 1164
-47.76488845949149 1165
-47.76488845949149 1166
-47.76488845949149 1167
-47.76488845949149 1168
-47.76488845949149 1169
-47.76488845949149 1170
-47.76488845949149 1171
-47.76488845949149 1172
-47.76488845949149 1173
-47.76488845949149 1174
-47.76488845949149 1175
-47.76488845949149 1176
-47.76488845949149 1177
-47.76488845949149 1178
-47.76488845949149 1179
-47.76488845949149 1180
-47.76488845949149 1181
-47.76488845949149 1182
-47.76488845949149 1183
-47.76488845949149 1184
-47.76488845949149 1185
-47.76488845949149 1186
-47.76488845949149 1187
-47.76488845949149 1188
-47.76488845949149 1189
-47.76488845949149 1190
-47.76488845949149 1191
-47.76488845949149 1192
-47.76488845949149 1193
-47.76488845949149 1194
-47.76488845949149 1195
-47.76488845949149 1196
-47.76488845949149 1197
-47.76488845949149 1198
-47.76488845949149 1199
-47.76488845949149 1200
-47.76488845949149 1201
-47.76488845949149 1202
-47.76488845949149 1203
-47.76488845949149 1204
-47.76488845949149 1205
-47.76488845949149 1206
-47.76488845949149 1207
-47.76488845949149 1208
-47.76488845949149 1209
-47.76488845949149 1210
-47.76488845949149 1211
-47.76488845949149 1212
-47.76488845949149 1213
-47.76488845949149 1214
-47.76488845949149 1215
-47.76488845949149 1216
-47.76488845949149 1217
-47.76488845949149 1218
-47.76488845949149 1219
-47.76488845949149 1220
-47.76488845949149 1221
-47.76488845949149 1222
-47.76488845949149 1223
-47.76488845949149 1224
-47.76488845949149 1225
-47.76488845949149 1226
-47.76488845949149 1227
-47.76488845949149 1228
-47.76488845949149 1229
-47.76488845949149 1230
-47.76488845949149 1231
-47.76488845949149 1232
-47.76488845949149 1233
-47.76488845949149 1234
-47.76488845949149 1235
-47.76488845949149 1236
-47.76488845949149 1237
-47.76488845949149 1238
-47.76488845949149 1239
-47.76488845949149 1240
-47.76488845949149 1241
-47.76488845949149 1242
-47.76488845949149 1243
-47.76488845949149 1244
-47.76488845949149 1245
-47.76488845949149 1246
-47.76488845949149 1247
-47.76488845949149 1248
-47.76488845949149 1249
-47.76488845949149 1250
-47.76488845949149 1251
-47.76488845949149 1252
-47.76488845949149 1253
-47.76488845949149 1254
-47.76488845949149 1255
-47.76488845949149 1256
-47.76488845949149 1257
-47.76488845949149 1258
-47.76488845949149 1259
-47.76488845949149 1260
-47.76488845949149 1261
-47.76488845949149 1262
-47.76488845949149 1263
-47.76488845949149 1264
-47.76488845949149 1265
-47.76488845949149 1266
-47.76488845949149 1267
-47.76488845949149 1268
-47.76488845949149 1269
-47.76488845949149 1270
-47.76488845949149 1271
-47.76488845949149 1272
-47.76488845949149 1273
-47.76488845949149 1274
-47.76488845949149 1275
-47.76488845949149 1276
-47.76488845949149 1277
-47.76488845949149 1278
-47.76488845949149 1279
-47.76488845949149 1280
-47.76488845949149 1281
-47.76488845949149 1282
-47.76488845949149 1283
-47.76488845949149 1284
-47.76488845949149 1285
-47.76488845949149 1286
-47.76488845949149 1287
-47.76488845949149 1288
-47.76488845949149 1289
-47.76488845949149 1290
-47.76488845949149 1291
-47.76488845949149 1292
-47.76488845949149 1293
-47.76488845949149 1294
-47.76488845949149 1295
-47.76488845949149 1296
-47.76488845949149 1297
-47.76488845949149 1298
-47.76488845949149 1299
-47.76488845949149 1300
-47.76488845949149 1301
-47.76488845949149 1302
-47.76488845949149 1303
-47.76488845949149 1304
-47.76488845949149 1305
-47.76488845949149 1306
-47.76488845949149 1307
-47.76488845949149 1308
-47.76488845949149 1309
-47.76488845949149 1310
-47.76488845949149 1311
-47.76488845949149 1312
-47.76488845949149 1313
-47.76488845949149 1314
-47.76488845949149 1315
-47.76488845949149 1316
-47.76488845949149 1317
-47.76488845949149 1318
-47.76488845949149 1319
-47.76488845949149 1320
-47.76488845949149 1321
-47.76488845949149 1322
-47.76488845949149 1323
-47.76488845949149 1324
-47.76488845949149 1325
-47.76488845949149 1326
-47.76488845949149 1327
-47.76488845949149 1328
-47.76488845949149 1329
-47.76488845949149 1330
-47.76488845949149 1331
-47.76488845949149 1332
-47.76488845949149 1333
-47.76488845949149 1334
-47.76488845949149 1335
-47.76488845949149 1336
-47.76488845949149 1337
-47.76488845949149 1338
-47.76488845949149 1339
-47.76488845949149 1340
-47.76488845949149 1341
-47.76488845949149 1342
-47.76488845949149 1343
-47.76488845949149 1344
-47.76488845949149 1345
-47.76488845949149 1346
-47.76488845949149 1347
-47.76488845949149 1348
-47.76488845949149 1349
-47.76488845949149 1350
-47.76488845949149 1351
-47.76488845949149 1352
-47.76488845949149 1353
-47.76488845949149 1354
-47.76488845949149 1355
-47.76488845949149 1356
-47.76488845949149 1357
-47.76488845949149 1358
-47.76488845949149 1359
-47.76488845949149 1360
-47.76488845949149 1361
-47.76488845949149 1362
-47.76488845949149 1363
-47.76488845949149 1364
-47.76488845949149 1365
-47.76488845949149 1366
-47.76488845949149 1367
-47.76488845949149 1368
-47.76488845949149 1369
-47.76488845949149 1370
-47.76488845949149 1371
-47.76488845949149 1372
-47.76488845949149 1373
-47.76488845949149 1374
-47.76488845949149 1375
-47.76488845949149 1376
-47.76488845949149 1377
-47.76488845949149 1378
-47.76488845949149 1379
-47.76488845949149 1380
-47.76488845949149 1381
-47.76488845949149 1382
-47.76488845949149 1383
-47.76488845949149 1384
-47.76488845949149 1385
-47.76488845949149 1386
-47.76488845949149 1387
-47.76488845949149 1388
-47.76488845949149 1389
-47.76488845949149 1390
-47.76488845949149 1391
-47.76488845949149 1392
-47.76488845949149 1393
-47.76488845949149 1394
-47.76488845949149 1395
-47.76488845949149 1396
-47.76488845949149 1397
-47.76488845949149 1398
-47.76488845949149 1399
-47.76488845949149 1400
-47.76488845949149 1401
-47.76488845949149 1402
-47.76488845949149 1403
-47.76488845949149 1404
-47.76488845949149 1405
-47.76488845949149 1406
-47.76488845949149 1407
-47.76488845949149 1408
-47.76488845949149 1409
-47.76488845949149 1410
-47.76488845949149 1411
-47.76488845949149 1412
-47.76488845949149 1413
-47.76488845949149 1414
-47.76488845949149 1415
-47.76488845949149 1416
-47.76488845949149 1417
-47.76488845949149 1418
-47.76488845949149 1419
-47.76488845949149 1420
-47.76488845949149 1421
-47.76488845949149 1422
-47.76488845949149 1423
-47.76488845949149 1424
-47.76488845949149 1425
-47.76488845949149 1426
-47.76488845949149 1427
-47.76488845949149 1428
-47.76488845949149 1429
-47.76488845949149 1430
-47.76488845949149 1431
-47.76488845949149 1432
-47.76488845949149 1433
-47.76488845949149 1434
-47.76488845949149 1435
-47.76488845949149 1436
-47.76488845949149 1437
-47.76488845949149 1438
-47.76488845949149 1439
-47.76488845949149 1440
-47.76488845949149 1441
-47.76488845949149 1442
-47.76488845949149 1443
-47.76488845949149 1444
-47.76488845949149 1445
-47.76488845949149 1446
-47.76488845949149 1447
-47.76488845949149 1448
-47.76488845949149 1449
-47.76488845949149 1450
-47.76488845949149 1451
-47.76488845949149 1452
-47.76488845949149 1453
-47.76488845949149 1454
-47.76488845949149 1455
-47.76488845949149 1456
-47.76488845949149 1457
-47.76488845949149 1458
-47.76488845949149 1459
-47.76488845949149 1460
-47.76488845949149 1461
-47.76488845949149 1462
-47.76488845949149 1463
-47.76488845949149 1464
-47.76488845949149 1465
-47.76488845949149 1466
-47.76488845949149 1467
-47.76488845949149 1468
-47.76488845949149 1469
-47.76488845949149 1470
-47.76488845949149 1471
-47.76488845949149 1472
-47.76488845949149 1473
-47.76488845949149 1474
-47.76488845949149 1475
-47.76488845949149 1476
-47.76488845949149 1477
-47.76488845949149 1478
-47.76488845949149 1479
-47.76488845949149 1480
-47.76488845949149 1481
-47.76488845949149 1482
-47.76488845949149 1483
-47.76488845949149 1484
-47.76488845949149 1485
-47.76488845949149 1486
-47.76488845949149 1487
-47.76488845949149 1488
-47.76488845949149 1489
-47.76488845949149 1490
-47.76488845949149 1491
-47.76488845949149 1492
-47.76488845949149 1493
-47.76488845949149 1494
-47.76488845949149 1495
-47.76488845949149 1496
-47.76488845949149 1497
-47.76488845949149 1498
-47.76488845949149 1499
-47.76488845949149 1500
-47.76488845949149 1501
-47.76488845949149 1502
-47.76488845949149 1503
-47.76488845949149 1504
-47.76488845949149 1505
-47.76488845949149 1506
-47.76488845949149 1507
-47.76488845949149 1508
-47.76488845949149 1509
-47.76488845949149 1510
-47.76488845949149 1511
-47.76488845949149 1512
-47.76488845949149 1513
-47.76488845949149 1514
-47.76488845949149 1515
-47.76488845949149 1516
-47.76488845949149 1517
-47.76488845949149 1518
-47.76488845949149 1519
-47.76488845949149 1520
-47.76488845949149 1521
-47.76488845949149 1522
-47.76488845949149 1523
-47.76488845949149 1524
-47.76488845949149 1525
-47.76488845949149 1526
-47.76488845949149 1527
-47.76488845949149 1528
-47.76488845949149 1529
-47.76488845949149 1530
-47.76488845949149 1531
-47.76488845949149 1532
-47.76488845949149 1533
-47.76488845949149 1534
-47.76488845949149 1535
-47.76488845949149 1536
-47.76488845949149 1537
-47.76488845949149 1538
-47.76488845949149 1539
-47.76488845949149 1540
-47.76488845949149 1541
-47.76488845949149 1542
-47.76488845949149 1543
-47.76488845949149 1544
-47.76488845949149 1545
-47.76488845949149 1546
-47.76488845949149 1547
-47.76488845949149 1548
-47.76488845949149 1549
-47.76488845949149 1550
-47.76488845949149 1551
-47.76488845949149 1552
-47.76488845949149 1553
-47.76488845949149 1554
-47.76488845949149 1555
-47.76488845949149 1556
-47.76488845949149 1557
-47.76488845949149 1558
-47.76488845949149 1559
-47.76488845949149 1560
-47.76488845949149 1561
-47.76488845949149 1562
-47.76488845949149 1563
-47.76488845949149 1564
-47.76488845949149 1565
-47.76488845949149 1566
-47.76488845949149 1567
-47.76488845949149 1568
-47.76488845949149 1569
-47.76488845949149 1570
-47.76488845949149 1571
-47.76488845949149 1572
-47.76488845949149 1573
-47.76488845949149 1574
-47.76488845949149 1575
-47.76488845949149 1576
-47.76488845949149 1577
-47.76488845949149 1578
-47.76488845949149 1579
-47.76488845949149 1580
-47.76488845949149 1581
-47.76488845949149 1582
-47.76488845949149 1583
-47.76488845949149 1584
-47.76488845949149 1585
-47.76488845949149 1586
-47.76488845949149 1587
-47.76488845949149 1588
-47.76488845949149 1589
-47.76488845949149 1590
-47.76488845949149 1591
-47.76488845949149 1592
-47.76488845949149 1593
-47.76488845949149 1594
-47.76488845949149 1595
-47.76488845949149 1596
-47.76488845949149 1597
-47.76488845949149 1598
-47.76488845949149 1599
-47.76488845949149 1600
-47.76488845949149 1601
-47.76488845949149 1602
-47.76488845949149 1603
-47.76488845949149 1604
-47.76488845949149 1605
-47.76488845949149 1606
-47.76488845949149 1607
-47.76488845949149 1608
-47.76488845949149 1609
-47.76488845949149 1610
-47.76488845949149 1611
-47.76488845949149 1612
-47.76488845949149 1613
-47.76488845949149 1614
-47.76488845949149 1615
-47.76488845949149 1616
-47.76488845949149 1617
-47.76488845949149 1618
-47.76488845949149 1619
-47.76488845949149 1620
-47.76488845949149 1621
-47.76488845949149 1622
-47.76488845949149 1623
-47.76488845949149 1624
-47.76488845949149 1625
-47.76488845949149 1626
-47.76488845949149 1627
-47.76488845949149 1628
-47.76488845949149 1629
-47.76488845949149 1630
-47.76488845949149 1631
-47.76488845949149 1632
-47.76488845949149 1633
-47.76488845949149 1634
-47.76488845949149 1635
-47.76488845949149 1636
-47.76488845949149 1637
-47.76488845949149 1638
-47.76488845949149 1639
-47.76488845949149 1640
-47.76488845949149 1641
-47.76488845949149 1642
-47.76488845949149 1643
-47.76488845949149 1644
-47.76488845949149 1645
-47.76488845949149 1646
-47.76488845949149 1647
-47.76488845949149 1648
-47.76488845949149 1649
-47.76488845949149 1650
-47.76488845949149 1651
-47.76488845949149 1652
-47.76488845949149 1653
-47.76488845949149 1654
-47.76488845949149 1655
-47.76488845949149 1656
-47.76488845949149 1657
-47.76488845949149 1658
-47.76488845949149 1659
-47.76488845949149 1660
-47.76488845949149 1661
-47.76488845949149 1662
-47.76488845949149 1663
-47.76488845949149 1664
-47.76488845949149 1665
-47.76488845949149 1666
-47.76488845949149 1667
-47.76488845949149 1668
-47.76488845949149 1669
-47.76488845949149 1670
-47.76488845949149 1671
-47.76488845949149 1672
-47.76488845949149 1673
-47.76488845949149 1674
-47.76488845949149 1675
-47.76488845949149 1676
-47.76488845949149 1677
-47.76488845949149 1678
-47.76488845949149 1679
-47.76488845949149 1680
-47.76488845949149 1681
-47.76488845949149 1682
-47.76488845949149 1683
-47.76488845949149 1684
-47.76488845949149 1685
-47.76488845949149 1686
-47.76488845949149 1687
-47.76488845949149 1688
-47.76488845949149 1689
-47.76488845949149 1690
-47.76488845949149 1691
-47.76488845949149 1692
-47.76488845949149 1693
-47.76488845949149 1694
-47.76488845949149 1695
-47.76488845949149 1696
-47.76488845949149 1697
-47.76488845949149 1698
-47.76488845949149 1699
-47.76488845949149 1700
-47.76488845949149 1701
-47.76488845949149 1702
-47.76488845949149 1703
-47.76488845949149 1704
-47.76488845949149 1705
-47.76488845949149 1706
-47.76488845949149 1707
-47.76488845949149 1708
-47.76488845949149 1709
-47.76488845949149 1710
-47.76488845949149 1711
-47.76488845949149 1712
-47.76488845949149 1713
-47.76488845949149 1714
-47.76488845949149 1715
-47.76488845949149 1716
-47.76488845949149 1717
-47.76488845949149 1718
-47.76488845949149 1719
-47.76488845949149 1720
-47.76488845949149 1721
-47.76488845949149 1722
-47.76488845949149 1723
-47.76488845949149 1724
-47.76488845949149 1725
-47.76488845949149 1726
-47.76488845949149 1727
-47.76488845949149 1728
-47.76488845949149 1729
-47.76488845949149 1730
-47.76488845949149 1731
-47.76488845949149 1732
-47.76488845949149 1733
-47.76488845949149 1734
-47.76488845949149 1735
-47.76488845949149 1736
-47.76488845949149 1737
-47.76488845949149 1738
-47.76488845949149 1739
-47.76488845949149 1740
-47.76488845949149 1741
-47.76488845949149 1742
-47.76488845949149 1743
-47.76488845949149 1744
-47.76488845949149 1745
-47.76488845949149 1746
-47.76488845949149 1747
-47.76488845949149 1748
-47.76488845949149 1749
-47.76488845949149 1750
-47.76488845949149 1751
-47.76488845949149 1752
-47.76488845949149 1753
-47.76488845949149 1754
-47.76488845949149 1755
-47.76488845949149 1756
-47.76488845949149 1757
-47.76488845949149 1758
-47.76488845949149 1759
-47.76488845949149 1760
-47.76488845949149 1761
-47.76488845949149 1762
-47.76488845949149 1763
-47.76488845949149 1764
-47.76488845949149 1765
-47.76488845949149 1766
-47.76488845949149 1767
-47.76488845949149 1768
-47.76488845949149 1769
-47.76488845949149 1770
-47.76488845949149 1771
-47.76488845949149 1772
-47.76488845949149 1773
-47.76488845949149 1774
-47.76488845949149 1775
-47.76488845949149 1776
-47.76488845949149 1777
-47.76488845949149 1778
-47.76488845949149 1779
-47.76488845949149 1780
-47.76488845949149 1781
-47.76488845949149 1782
-47.76488845949149 1783
-47.76488845949149 1784
-47.76488845949149 1785
