-8.520111582712646 0
-2.3548510934177163 12
-2.3548510934177163 13
-2.3548510934177163 14
-2.3548510934177163 15
-2.3548510934177163 16
-2.3548510934177163 17
-2.3548510934177163 18
-2.3548510934177163 19
-2.3548510934177163 20
-2.3548510934177163 21
-2.3548510934177163 22
-2.3548510934177163 23
-2.3548510934177163 24
-2.3548510934177163 25
-2.3548510934177163 26
-2.3548510934177163 27
-2.3548510934177163 28
-2.3548510934177163 29
-2.3548510934177163 30
-2.3548510934177163 31
-2.3548510934177163 32
-2.3548510934177163 33
-2.3548510934177163 34
-2.3548510934177163 35
-2.3548510934177163 36
-2.3548510934177163 37
-2.3548510934177163 38
-2.3548510934177163 39
-2.3548510934177163 40
-2.3548510934177163 41
-2.3548510934177163 42
-2.3548510934177163 43
-4.949645948397068 44
-5.769371518571669 45
-5.769371518571669 46
-5.769371518571669 47
-5.769371518571669 48
-5.769371518571669 49
-5.769371518571669 50
-5.769371518571669 51
-5.769371518571669 52
-5.769371518571669 53
-5.769371518571669 54
-5.769371518571669 55
-5.769371518571669 56
-5.769371518571669 57
-5.769371518571669 58
-5.769371518571669 59
-5.769371518571669 60
-6.900993727328007 61
-8.209088071243054 62
-8.209088071243054 63
-8.209088071243054 64
-8.209088071243054 65
-8.209088071243054 66
-8.209088071243054 67
-8.209088071243054 68
-8.209088071243054 69
-8.209088071243054 70
-8.209088071243054 71
-8.209088071243054 72
-8.209088071243054 73
-8.209088071243054 74
-8.209088071243054 75
-8.209088071243054 76
-8.209088071243054 77
-8.209088071243054 78
-8.209088071243054 79
-8.209088071243054 80
-8.209088071243054 81
-8.209088071243054 82
-8.209088071243054 83
-8.209088071243054 84
-9.454784500028358 85
-9.454784500028358 86
-9.511660533113837 87
-9.511660533113837 88
-9.939520742584307 89
-10.127366987594577 90
-10.127366987594577 91
-10.127366987594577 92
-10.127366987594577 93
-10.127366987594577 94
-10.127366987594577 95
-10.127366987594577 96
-10.127366987594577 97
-10.127366987594577 98
-10.127366987594577 99
-10.127366987594577 100
-10.127366987594577 101
-10.127366987594577 102
-10.54100228200703 103
-10.790905384601608 104
-10.790905384601608 105
-10.790905384601608 106
-10.790905384601608 107
-10.979301944744165 108
-10.979301944744165 109
-11.304960217801597 110
-11.304960217801597 111
-11.304960217801597 112
-11.304960217801597 113
-11.45003828407696 114
-11.45003828407696 115
-12.340851577474641 116
-12.340851577474641 117
-12.340851577474641 118
-12.340851577474641 119
-12.340851577474641 120
-12.340851577474641 121
-12.340851577474641 122
-12.340851577474641 123
-12.532714677052677 124
-12.532714677052677 125
-12.532714677052677 126
-12.532714677052677 127
-12.566337754741559 128
-12.818188334378274 129
-12.969441553235823 130
-13.076201583347379 131
-13.076201583347379 132
-13.076201583347379 133
-13.168038929633125 134
-13.168038929633125 135
-13.168038929633125 136
-13.168038929633125 137
-13.168038929633125 138
-13.168038929633125 139
-13.30501081175496 140
-13.30501081175496 141
-13.314447408736607 142
-13.31611011356006 143
-13.705699627658731 144
-13.705699627658731 145
-13.88851509287111 146
-13.88851509287111 147
-13.88851509287111 148
-14.025512213585154 149
-14.066073416208635 150
-14.066073416208635 151
-14.129620084851059 152
-14.129620084851059 153
-14.129620084851059 154
-14.129620084851059 155
-14.184761710228724 156
-14.184761710228724 157
-14.19271306607007 158
-14.258901304259917 159
-14.258901304259917 160
-14.281326907865814 161
-14.281326907865814 162
-14.40066374106188 163
-14.40066374106188 164
-14.40066374106188 165
-14.40066374106188 166
-14.433413066086231 167
-14.478675123133483 168
-14.478675123133483 169
-14.514395799698613 170
-14.514395799698613 171
-14.514395799698613 172
-14.514395799698613 173
-14.55562847663548 174
-14.55562847663548 175
-14.584877506816026 176
-14.591986795634327 177
-14.596459425622736 178
-14.617192413122327 179
-14.660959471574635 180
-14.660959471574635 181
-14.660959471574635 182
-14.660959471574635 183
-14.680153651654614 184
-14.695181908676524 185
-14.695181908676524 186
-14.695181908676524 187
-14.695181908676524 188
-14.711599008616544 189
-14.753103311183734 190
-14.753103311183734 191
-14.753103311183734 192
-14.753103311183734 193
-14.76126330999872 194
-14.770319471407323 195
-14.780663766870136 196
-14.783606107313176 197
-14.783606107313176 198
-14.810056772337813 199
-14.810056772337813 200
-14.818661863709151 201
-14.832305049570827 202
-14.847886157191715 203
-14.849964918215482 204
-14.869606758366459 205
-14.872616455012102 206
-14.872616455012102 207
-14.87389008902841 208
-14.889140578628572 209
-14.889140578628572 210
-14.889140578628572 211
-14.893115170087121 212
-14.89409006312439 213
-14.907963116115729 214
-14.907963116115729 215
-14.907963116115729 216
-14.907963116115729 217
-14.912486865245821 218
-14.91833597291133 219
-14.91833597291133 220
-14.922609133507198 221
-14.928121419750683 222
-14.928121419750683 223
-14.93460671944804 224
-14.935416773651284 225
-14.935416773651284 226
-14.940532353672657 227
-14.940532353672657 228
-14.940532353672657 229
-14.940532353672657 230
-14.944798697187972 231
-14.948488604949423 232
-14.950913044718117 233
-14.952597001601546 234
-14.952597001601546 235
-14.957260881064528 236
-14.95945063117853 237
-14.95945063117853 238
-14.95945063117853 239
-14.962748423804355 240
-14.962748423804355 241
-14.965523077883821 242
-14.96589174246784 243
-14.970591673817118 244
-14.972859088316937 245
-14.972859088316937 246
-14.975865371255525 247
-14.975865371255525 248
-14.975865371255525 249
-14.97720264965586 250
-14.977712531523997 251
-14.9787021528339 252
-14.9787021528339 253
-14.980286677710943 254
-14.981795800218084 255
-14.984106452389542 256
-14.984106452389542 257
-14.984206975512253 258
-14.984406928851037 259
-14.984602218706016 260
-14.985033647431734 261
-14.985459105038254 262
-14.987758734112267 263
-14.987758734112267 264
-14.98957726375476 265
-14.990212631539954 266
-14.990212631539954 267
-14.990212631539954 268
-14.990212631539954 269
-14.991004986703073 270
-14.991651683997354 271
-14.991692889707988 272
-14.992228243984494 273
-14.99350919086058 274
-14.99350919086058 275
-14.993905084324439 276
-14.993905084324439 277
-14.993905084324439 278
-14.993905084324439 279
-14.993905084324439 280
-14.993968378209168 281
-14.994167819082747 282
-14.99427500717514 283
-14.994443798273805 284
-14.995390639618805 285
-14.995397278193657 286
-14.995397278193657 287
-14.995541892310435 288
-14.99598885114892 289
-14.99598885114892 290
-14.996156044802518 291
-14.996307183255865 292
-14.996307183255865 293
-14.996615240303834 294
-14.996760015034425 295
-14.996916920286461 296
-14.997080137532135 297
-14.997262342090687 298
-14.997489598509736 299
-14.997489598509736 300
-14.99776247332515 301
-14.99805954936048 302
-14.99805954936048 303
-14.99805954936048 304
-14.99805954936048 305
-14.998063459584134 306
-14.998173720550042 307
-14.998173720550042 308
-14.998173720550042 309
-14.998184672597139 310
-14.998277372723264 311
-14.998277372723264 312
-14.998277372723264 313
-14.998333933406244 314
-14.998333933406244 315
-14.99854841777681 316
-14.99854841777681 317
-14.998598850207607 318
-14.998598850207607 319
-14.998750254135958 320
-14.998923085130288 321
-14.998923085130288 322
-14.999069265136582 323
-14.999069265136582 324
-14.999103250883989 325
-14.999247309601596 326
-14.999247309601596 327
-14.999247309601596 328
-14.999247309601596 329
-14.999247309601596 330
-14.99925412126352 331
-14.999351582619953 332
-14.999351582619953 333
-14.99942969461008 334
-14.999462919671483 335
-14.999462919671483 336
-14.999462919671483 337
-14.999506889418829 338
-14.999506889418829 339
-14.999514066772997 340
-14.999514066772997 341
-14.999521865580109 342
-14.999548662309756 343
-14.999548662309756 344
-14.99955279819142 345
-14.999605631937703 346
-14.999605631937703 347
-14.999605631937703 348
-14.999605631937703 349
-14.99963525166229 350
-14.99963525166229 351
-14.99963525166229 352
-14.99963525166229 353
-14.999704282625034 354
-14.999704282625034 355
-14.999704282625034 356
-14.999745085977974 357
-14.999745085977974 358
-14.999745085977974 359
-14.999755981528445 360
-14.999755981528445 361
-14.999764918452769 362
-14.999788472328841 363
-14.999797242451145 364
-14.999804607964087 365
-14.999809824502286 366
-14.99983664316018 367
-14.99983664316018 368
-14.99983664316018 369
-14.999850941716613 370
-14.999850941716613 371
-14.999850941716613 372
-14.999856416682283 373
-14.999856416682283 374
-14.99987183432952 375
-14.99988964743915 376
-14.9998952085165 377
-14.9998952085165 378
-14.9998952085165 379
-14.999904141555229 380
-14.999904141555229 381
-14.999905709632062 382
-14.999918364492332 383
-14.999918364492332 384
-14.999918364492332 385
-14.999918364492332 386
-14.999924172707269 387
-14.999927133399495 388
-14.999927133399495 389
-14.999927133399495 390
-14.999927133399495 391
-14.999928184777316 392
-14.999929016495075 393
-14.999938157813373 394
-14.999938157813373 395
-14.999946852561122 396
-14.999950604849065 397
-14.999950604849065 398
-14.999950604849065 399
-14.999950604849065 400
-14.999950604849065 401
-14.999954684364509 402
-14.999955738613213 403
-14.99995973061596 404
-14.999961846866142 405
-14.999961846866142 406
-14.999961846866142 407
-14.999961846866142 408
-14.99996661624547 409
-14.999969829073734 410
-14.999970492226387 411
-14.999971752591392 412
-14.999971752591392 413
-14.999971752591392 414
-14.999971752591392 415
-14.999971752591392 416
-14.999971752591392 417
-14.999973311857197 418
-14.999973311857197 419
-14.999974228816301 420
-14.999974228816301 421
-14.99997735309427 422
-14.999977874198724 423
-14.999977874198724 424
-14.999977874198724 425
-14.999981234147572 426
-14.999981436961924 427
-14.999981436961924 428
-14.999984828453993 429
-14.999985446961789 430
-14.999986474251994 431
-14.999986474251994 432
-14.999986474251994 433
-14.999986784688815 434
-14.999989676959613 435
-14.999989676959613 436
-14.999989676959613 437
-14.999989676959613 438
-14.999989676959613 439
-14.999989676959613 440
-14.999990085457805 441
-14.999990085457805 442
-14.99999055263546 443
-14.999991617786577 444
-14.999991617786577 445
-14.999991617786577 446
-14.999991617786577 447
-14.999992499508895 448
-14.999992499508895 449
-14.99999348464516 450
-14.99999348464516 451
-14.999993724849217 452
-14.999993724849217 453
-14.999993724849217 454
-14.99999376017938 455
-14.999994659176076 456
-14.999994659176076 457
-14.999994659176076 458
-14.999995047899986 459
-14.999995047899986 460
-14.999995047899986 461
-14.99999518521621 462
-14.99999518521621 463
-14.999995545349787 464
-14.999995790805078 465
-14.999995811932012 466
-14.999996168160571 467
-14.999996168160571 468
-14.999996284454408 469
-14.99999643454397 470
-14.9999968161043 471
-14.9999968161043 472
-14.9999968161043 473
-14.999996930242594 474
-14.999996930242594 475
-14.999997586636914 476
-14.999997637267233 477
-14.999997920032229 478
-14.99999806230909 479
-14.99999806230909 480
-14.99999806230909 481
-14.999998122461525 482
-14.999998168617013 483
-14.999998190750992 484
-14.999998384928947 485
-14.999998384928947 486
-14.999998384928947 487
-14.999998449379689 488
-14.999998614610016 489
-14.999998614610016 490
-14.999998714499473 491
-14.999998774643693 492
-14.999999090295178 493
-14.999999090295178 494
-14.999999090295178 495
-14.999999090295178 496
-14.999999090295178 497
-14.999999090295178 498
-14.999999090295178 499
-14.999999090295178 500
-14.999999119057001 501
-14.999999150730975 502
-14.999999159761078 503
-14.999999216044262 504
-14.999999225391129 505
-14.999999225391129 506
-14.999999239971096 507
-14.999999268982169 508
-14.999999268982169 509
-14.999999280426035 510
-14.999999325808465 511
-14.999999325808465 512
-14.999999509870706 513
-14.999999509870706 514
-14.999999509870706 515
-14.999999509870706 516
-14.999999509870706 517
-14.999999509870706 518
-14.99999951982571 519
-14.99999951982571 520
-14.999999585386764 521
-14.999999585386764 522
-14.999999585386764 523
-14.999999593211118 524
-14.999999617876854 525
-14.999999617876854 526
-14.999999645445545 527
-14.999999649455301 528
-14.99999974665235 529
-14.99999974665235 530
-14.99999974731997 531
-14.99999974731997 532
-14.99999974731997 533
-14.999999782335793 534
-14.999999782335793 535
-14.999999817003111 536
-14.999999817003111 537
-14.999999817003111 538
-14.999999817003111 539
-14.999999819360859 540
-14.999999836149332 541
-14.999999836149332 542
-14.999999836826484 543
-14.999999855505045 544
-14.999999855505045 545
-14.999999869059257 546
-14.999999869059257 547
-14.999999876103356 548
-14.99999988343298 549
-14.99999988343298 550
-14.999999885943673 551
-14.999999892041648 552
-14.99999991725291 553
-14.99999991725291 554
-14.99999991725291 555
-14.99999991725291 556
-14.99999991725291 557
-14.99999991725291 558
-14.999999920944868 559
-14.999999920944868 560
-14.999999920944868 561
-14.99999993375183 562
-14.99999993375183 563
-14.999999937114762 564
-14.999999937114762 565
-14.999999937114762 566
-14.99999993869158 567
-14.999999940450762 568
-14.999999940450762 569
-14.999999940450762 570
-14.999999948940506 571
-14.999999959414943 572
-14.999999960609701 573
-14.999999962863624 574
-14.999999964754696 575
-14.999999966082624 576
-14.999999969474286 577
-14.999999969867243 578
-14.999999972141802 579
-14.9999999725675 580
-14.9999999725675 581
-14.999999974855609 582
-14.9999999809983 583
-14.999999981173659 584
-14.999999982570777 585
-14.999999982570777 586
-14.999999982929753 587
-14.999999982929753 588
-14.999999982929753 589
-14.999999982929753 590
-14.999999982929753 591
-14.999999982929753 592
-14.999999983049271 593
-14.999999984856863 594
-14.999999986360491 595
-14.999999986360491 596
-14.999999986360491 597
-14.999999987101937 598
-14.999999988212124 599
-14.999999988212124 600
-14.999999989167167 601
-14.999999989237137 602
-14.999999990820443 603
-14.99999999211594 604
-14.99999999211594 605
-14.99999999211594 606
-14.999999992203222 607
-14.999999992297957 608
-14.999999993201719 609
-14.99999999437034 610
-14.999999994378172 611
-14.999999994378172 612
-14.999999994378172 613
-14.999999994378172 614
-14.999999994378172 615
-14.999999994551366 616
-14.999999994551366 617
-14.999999994551366 618
-14.999999995063495 619
-14.9999999951403 620
-14.99999999537828 621
-14.99999999566405 622
-14.99999999566405 623
-14.999999995769913 624
-14.999999996158511 625
-14.999999996513445 626
-14.99999999684141 627
-14.99999999684141 628
-14.999999996910503 629
-14.999999996910503 630
-14.99999999722361 631
-14.999999997299337 632
-14.999999997586322 633
-14.999999997603494 634
-14.999999997603494 635
-14.99999999771996 636
-14.999999998234408 637
-14.999999998234408 638
-14.999999998234408 639
-14.99999999837731 640
-14.99999999837731 641
-14.999999998384242 642
-14.999999998384242 643
-14.999999998384242 644
-14.999999998384242 645
-14.999999998462467 646
-14.99999999864245 647
-14.99999999864245 648
-14.99999999864245 649
-14.999999998705029 650
-14.99999999890068 651
-14.99999999890068 652
-14.99999999890068 653
-14.99999999890068 654
-14.999999999003927 655
-14.999999999082917 656
-14.999999999082917 657
-14.999999999154817 658
-14.999999999154817 659
-14.99999999920935 660
-14.999999999217149 661
-14.999999999356504 662
-14.999999999356504 663
-14.999999999356504 664
-14.999999999356504 665
-14.999999999356504 666
-14.999999999356504 667
-14.999999999356504 668
-14.99999999952292 669
-14.99999999952292 670
-14.99999999952292 671
-14.99999999955333 672
-14.999999999559076 673
-14.999999999559076 674
-14.999999999559076 675
-14.999999999565759 676
-14.999999999565759 677
-14.999999999617552 678
-14.999999999617552 679
-14.999999999617552 680
-14.999999999627647 681
-14.99999999970029 682
-14.999999999713395 683
-14.999999999728825 684
-14.999999999743753 685
-14.999999999749171 686
-14.999999999778446 687
-14.999999999778446 688
-14.999999999801275 689
-14.999999999808853 690
-14.999999999816021 691
-14.999999999816021 692
-14.999999999816021 693
-14.999999999821844 694
-14.99999999983768 695
-14.999999999849141 696
-14.999999999849141 697
-14.999999999849141 698
-14.999999999849141 699
-14.99999999985909 700
-14.999999999880197 701
-14.999999999880599 702
-14.999999999889248 703
-14.999999999900057 704
-14.999999999900057 705
-14.999999999900057 706
-14.999999999904691 707
-14.999999999915596 708
-14.999999999928159 709
-14.99999999993955 710
-14.99999999993955 711
-14.99999999993955 712
-14.99999999993955 713
-14.99999999993955 714
-14.999999999941625 715
-14.999999999941625 716
-14.999999999941625 717
-14.999999999941625 718
-14.999999999944153 719
-14.999999999944153 720
-14.999999999944153 721
-14.999999999944153 722
-14.999999999951779 723
-14.999999999951779 724
-14.999999999951779 725
-14.999999999954829 726
-14.999999999954829 727
-14.999999999958575 728
-14.999999999958575 729
-14.999999999962142 730
-14.999999999962494 731
-14.999999999968864 732
-14.999999999968864 733
-14.999999999968864 734
-14.999999999968864 735
-14.999999999968864 736
-14.999999999968864 737
-14.999999999969535 738
-14.999999999969535 739
-14.999999999969916 740
-14.999999999970647 741
-14.999999999972149 742
-14.999999999973076 743
-14.999999999973936 744
-14.999999999975426 745
-14.999999999975632 746
-14.999999999978517 747
-14.999999999978517 748
-14.999999999978517 749
-14.999999999978673 750
-14.999999999980325 751
-14.999999999981553 752
-14.999999999983208 753
-14.999999999985441 754
-14.999999999985441 755
-14.999999999985912 756
-14.999999999987393 757
-14.999999999987393 758
-14.999999999987393 759
-14.999999999988134 760
-14.999999999988134 761
-14.999999999988722 762
-14.999999999988722 763
-14.999999999989672 764
-14.999999999990331 765
-14.999999999991084 766
-14.999999999991381 767
-14.99999999999312 768
-14.99999999999312 769
-14.999999999993744 770
-14.999999999993925 771
-14.999999999993992 772
-14.999999999994257 773
-14.999999999994257 774
-14.999999999994325 775
-14.999999999994433 776
-14.99999999999549 777
-14.99999999999549 778
-14.99999999999549 779
-14.99999999999549 780
-14.99999999999549 781
-14.99999999999549 782
-14.999999999995802 783
-14.99999999999613 784
-14.999999999996163 785
-14.999999999996364 786
-14.999999999996476 787
-14.999999999996765 788
-14.999999999996977 789
-14.99999999999729 790
-14.999999999997593 791
-14.999999999997593 792
-14.999999999997593 793
-14.999999999997822 794
-14.999999999997822 795
-14.999999999997822 796
-14.999999999997907 797
-14.999999999998078 798
-14.999999999998106 799
-14.999999999998106 800
-14.999999999998167 801
-14.999999999998654 802
-14.999999999998685 803
-14.999999999998685 804
-14.999999999998685 805
-14.999999999998685 806
-14.999999999998789 807
-14.999999999998842 808
-14.999999999998842 809
-14.999999999998945 810
-14.999999999998945 811
-14.999999999998966 812
-14.999999999999098 813
-14.999999999999098 814
-14.999999999999098 815
-14.999999999999098 816
-14.999999999999098 817
-14.99999999999917 818
-14.99999999999917 819
-14.999999999999222 820
-14.999999999999222 821
-14.999999999999249 822
-14.99999999999932 823
-14.99999999999932 824
-14.999999999999341 825
-14.999999999999341 826
-14.999999999999392 827
-14.999999999999392 828
-14.999999999999392 829
-14.999999999999392 830
-14.999999999999428 831
-14.999999999999432 832
-14.999999999999432 833
-14.999999999999455 834
-14.999999999999496 835
-14.999999999999504 836
-14.999999999999542 837
-14.999999999999542 838
-14.999999999999602 839
-14.99999999999961 840
-14.99999999999961 841
-14.99999999999961 842
-14.99999999999961 843
-14.999999999999625 844
-14.99999999999963 845
-14.999999999999655 846
-14.999999999999677 847
-14.999999999999751 848
-14.999999999999751 849
-14.999999999999751 850
-14.999999999999755 851
-14.999999999999755 852
-14.999999999999774 853
-14.9999999999998 854
-14.99999999999984 855
-14.99999999999984 856
-14.99999999999984 857
-14.99999999999984 858
-14.99999999999984 859
-14.99999999999984 860
-14.999999999999876 861
-14.999999999999876 862
-14.999999999999897 863
-14.999999999999897 864
-14.999999999999911 865
-14.999999999999922 866
-14.999999999999922 867
-14.999999999999925 868
-14.999999999999929 869
-14.999999999999934 870
-14.999999999999934 871
-14.999999999999934 872
-14.999999999999934 873
-14.999999999999934 874
-14.999999999999938 875
-14.999999999999938 876
-14.999999999999947 877
-14.999999999999947 878
-14.999999999999947 879
-14.999999999999947 880
-14.999999999999954 881
-14.999999999999954 882
-14.999999999999954 883
-14.999999999999954 884
-14.999999999999957 885
-14.999999999999957 886
-14.999999999999957 887
-14.999999999999957 888
-14.99999999999996 889
-14.999999999999968 890
-14.999999999999968 891
-14.99999999999997 892
-14.99999999999997 893
-14.99999999999997 894
-14.999999999999972 895
-14.999999999999972 896
-14.999999999999977 897
-14.999999999999979 898
-14.999999999999979 899
-14.99999999999998 900
-14.99999999999998 901
-14.999999999999984 902
-14.999999999999984 903
-14.999999999999986 904
-14.999999999999988 905
-14.999999999999988 906
-14.999999999999988 907
-14.999999999999988 908
-14.99999999999999 909
-14.99999999999999 910
-14.999999999999993 911
-14.999999999999993 912
-14.999999999999993 913
-14.999999999999996 914
-14.999999999999996 915
-14.999999999999998 916
-14.999999999999998 917
-14.999999999999998 918
-14.999999999999998 919
-14.999999999999998 920
-14.999999999999998 921
-14.999999999999998 922
-14.999999999999998 923
-14.999999999999998 924
-14.999999999999998 925
-14.999999999999998 926
-14.999999999999998 927
