17.38158112746707 0
16.19807178974183 1
15.213322944066487 2
14.647740742038373 3
14.493185385349147 4
13.27830536862519 5
14.164125580949976 6
14.737647945794189 7
10.3863030865358 8
9.636438741664756 9
7.497259278220777 10
11.864410786084349 11
7.592533086358994 12
7.592533086358994 13
7.592533086358994 14
9.16011801658442 15
8.622378224227694 16
8.910226985635957 17
9.261192442017618 18
7.507037610187242 19
7.786927467724395 20
9.088236856818881 21
8.874987692449713 22
7.497337138997045 23
7.969921299129253 24
6.018143186213043 25
5.986248609226565 26
6.095656682308268 27
5.983729828484279 28
7.048158616491865 29
5.620844902444033 30
5.211192743914409 31
7.106233096367075 32
6.94548668383923 33
4.6995499528463345 34
4.411085732397363 35
7.596758942285029 36
5.789312444995032 37
5.210139968861741 38
6.014859252984585 39
5.469775446889125 40
6.005238634247235 41
4.757266353312019 42
4.662499957846068 43
4.276223488578402 44
4.388600568062802 45
4.901798866302004 46
5.443612080508363 47
4.097051347642627 48
6.23264559074175 49
4.486026327976592 50
4.746091325306598 51
3.967194208042378 52
4.8007244756935 53
4.339827715735529 54
4.398597591553043 55
3.913817162183298 56
4.432085885521786 57
5.663772000768539 58
4.7199880696094985 59
4.124247076152432 60
3.4962444087559805 61
3.8566265851401225 62
3.591829177856549 63
3.6890971407062674 64
3.7177849052504763 65
4.006855698895311 66
4.5574559440023945 67
4.122709917682667 68
3.9836026989968754 69
2.4461498626233054 70
4.459847728315867 71
2.640801063931319 72
2.4381169881283986 73
3.4152927716189914 74
4.346546213273406 75
3.1935534967857118 76
3.0870572712650612 77
2.998732176031076 78
2.8714124542956485 79
3.083367317322527 80
3.4208515915008015 81
3.090924238394916 82
2.72831963117135 83
2.5423132048099104 84
3.1782491453251382 85
2.5128227255251225 86
2.835018704670106 87
2.450494855682281 88
2.4853147538366898 89
2.7715043577679883 90
2.730933782879649 91
2.5613934504416016 92
2.0720494244650447 93
1.8286463715388732 94
2.1477345942270794 95
1.7229160390869422 96
2.175192790462152 97
2.305308531280839 98
2.2587335059634657 99
1.6466026190289274 100
1.8151561377756587 101
2.032722670716497 102
1.6901227848773996 103
1.8604298404956883 104
1.5126205547657094 105
1.719552879040279 106
1.365471733392834 107
2.1756897823060575 108
2.6419471647604267 109
1.8817844101182628 110
1.501631784179058 111
1.7747564988744409 112
1.4962944603075767 113
1.42462465579437 114
1.260387410273401 115
1.2878131212298563 116
1.545730500065036 117
1.5091611823364188 118
1.944358012987356 119
1.721122417491127 120
1.5808996532680453 121
1.5414441852551557 122
1.8251074497496511 123
1.199230242763496 124
1.2416049501114432 125
1.0942175619025383 126
1.1899313646327276 127
1.0462227815110265 128
1.0126203541906937 129
1.2159705188560812 130
1.1221170698192813 131
0.7104909141495173 132
0.9337751056020875 133
0.6867199351567705 134
1.0501460523421287 135
0.9985847815176545 136
0.9022956646608412 137
0.8257768078828674 138
0.8813653792019489 139
0.907155822039735 140
0.7191888336343386 141
0.8085500496902109 142
0.6818120860109682 143
0.7066721141797058 144
0.8977281376746976 145
0.6998032146329232 146
0.5372476112003712 147
0.7231377287065762 148
0.5506559822248455 149
0.712475987165427 150
0.7687436918717411 151
0.6356947646928742 152
0.5642067297981872 153
0.6399062319113376 154
0.6785022348759042 155
0.8540251165171835 156
0.6131236188097678 157
0.8196496814910672 158
0.8143261129366587 159
0.7801644690493544 160
0.629314797982829 161
0.6883730306407985 162
0.7172899325733524 163
0.6236258264016764 164
0.7547775391280812 165
0.6276296170717935 166
0.6753299639565556 167
0.6533083500234436 168
0.5759209260898541 169
0.5551254928579811 170
0.781910885491436 171
0.5307589822373053 172
0.5473938772761425 173
0.6336660049830882 174
0.5276794000653954 175
0.4850250393187647 176
0.639685371020301 177
0.5484787638325849 178
0.39477104411949165 179
0.5964216002247521 180
0.5287681274670744 181
0.4953637176257088 182
0.45855674025649723 183
0.40208162678552434 184
0.5217314401065887 185
0.49110702812806756 186
0.3930229504560913 187
0.4153501247266546 188
0.4345753417213728 189
0.37254476094251615 190
0.33660790788996114 191
0.5859975814029741 192
0.3215485081961181 193
0.45955080520857605 194
0.33364750229369183 195
0.37300401924204335 196
0.37939166992359014 197
0.3876424531345378 198
0.36579790458797873 199
0.35905737022642137 200
0.33012323419505235 201
0.42062712987009765 202
0.36875523758979595 203
0.3054174861924002 204
0.4857307882993112 205
0.47151952277831477 206
0.4363817993327925 207
0.4382729209632098 208
0.4369148469430001 209
0.3988314806892376 210
0.38695431814299563 211
0.34787744309661495 212
0.4028211472092552 213
0.347777920265817 214
0.3666840318789675 215
0.35576842362005495 216
0.32768723955399637 217
0.37776806940128427 218
0.4765274349370119 219
0.3681332624384116 220
0.36913065971360604 221
0.43294900099932543 222
0.3765703581989206 223
0.30230683849557394 224
0.30974918335623064 225
0.3233506159534367 226
0.28382474128945534 227
0.2894762396955052 228
0.30379519450936393 229
0.32239033275221185 230
0.28019754089966475 231
0.2569570130089842 232
0.29502323655149354 233
0.32118061305534357 234
0.2842927626969338 235
0.2702402770038591 236
0.31420418702406017 237
0.28369058659808044 238
0.3124506519168437 239
0.27593739498184766 240
0.2543756614630768 241
0.26562141343877405 242
0.2852085922453397 243
0.3234378282020169 244
0.29524480607517917 245
0.3083349493891433 246
0.3304017948576082 247
0.2776072608288108 248
0.3185737779964782 249
0.3298565372486517 250
0.2724954232991963 251
0.2840395996287236 252
0.24600023755742284 253
0.2717096932374365 254
0.29499609637949425 255
0.3247029544957916 256
0.31987379821571676 257
0.2783251162204916 258
0.2925237875739758 259
0.2850143002289172 260
0.2588637329501582 261
0.28472901015800556 262
0.27633281081791206 263
0.28759866044907595 264
0.29694938763850676 265
0.27666795164103614 266
0.26237680299007554 267
0.28820381938916534 268
0.2963404190803219 269
0.29512454699238544 270
0.2916425170341818 271
0.324491076502811 272
0.30673033323610405 273
0.26254883889100394 274
0.2528171542296043 275
0.30353053273499153 276
0.2689705016143534 277
0.26678333155870176 278
0.27747751367321133 279
0.2893962847695378 280
0.2848114679881032 281
0.2694015018592995 282
0.2283766044185825 283
0.30878999670290913 284
0.29132467223089314 285
0.27448098725446496 286
0.28968612075492806 287
0.2750831316602326 288
0.2781236485586355 289
0.27078320507655645 290
0.29508003658725934 291
0.26865489771350387 292
0.2662379153401411 293
0.28575055667357513 294
0.28398829148726906 295
0.2676610937048068 296
0.27096613377810974 297
0.2662234530481204 298
0.2754344290860482 299
0.26802814092785504 300
0.274094980581468 301
0.2780234830051845 302
0.27053641589993305 303
0.2777434145817071 304
0.2617758262565531 305
0.2778229134814971 306
0.2793629866369889 307
0.2739691511246857 308
0.2930797695395317 309
0.2937455771106864 310
0.29150462112605185 311
0.2839744337210921 312
0.28638436836715986 313
0.2844992826330257 314
0.27297775264760715 315
0.26926693446543915 316
0.27341930381716417 317
0.27118328646251916 318
0.2666066960858972 319
0.2712513121177126 320
0.27188707398570866 321
0.2515768574574292 322
0.26240531019962204 323
0.2579004151916855 324
0.26209549846978913 325
0.2550087279292822 326
0.25373263248071487 327
0.26660882876435704 328
0.26189905711616124 329
0.2661473442012621 330
0.26356259177114544 331
0.26416649022332717 332
0.2783461864010785 333
0.26759318336666577 334
0.2577591883914486 335
0.2677527931955851 336
0.25882855069579624 337
0.2572664051711228 338
0.2607181814595585 339
0.25416872374861843 340
0.25220659049578353 341
0.2581683730750215 342
0.26346750172115657 343
0.2538094824851721 344
0.25495376909638356 345
0.25500611728458167 346
0.25187959167450663 347
0.24964601983390214 348
0.25467519329871996 349
0.2586081575101621 350
0.25487821194481847 351
0.2504581052851905 352
0.24717949424447536 353
0.24960908317421654 354
0.25355405649893964 355
0.25294931381838676 356
0.25268160485326974 357
0.2572669345366363 358
0.25257738122395085 359
0.2500767495763607 360
0.2606205365544826 361
0.2561207322906575 362
0.25553008938770355 363
0.25487391138566207 364
0.2546531146812619 365
0.2567177897378135 366
0.25624057545381745 367
0.253855550169287 368
0.26024562399604156 369
0.2480178775085805 370
0.25325985316403365 371
0.2533325070943485 372
0.2562681946711175 373
0.25551569139612057 374
0.25449729625639883 375
0.25608567350088257 376
0.2554833027651782 377
0.2536152051151952 378
0.2475273375643272 379
0.2500189123706095 380
0.24920464596145 381
0.2547150256421311 382
0.2525874948921327 383
0.24380472089586525 384
0.25170161933033375 385
0.2547028479523665 386
0.2528144688174694 387
0.2556232417977235 388
0.2528560713521927 389
0.25071058786656647 390
0.2447290841129928 391
0.2528750564866073 392
0.2511676471453692 393
0.24869546757223768 394
0.24895745318033527 395
0.24984248051527766 396
0.244745021615695 397
0.24716310663218022 398
0.24917130884240746 399
0.2487651600903124 400
0.24530326245827488 401
0.24529257330800516 402
0.24588253426350085 403
0.24397592277833863 404
0.24403715400519488 405
0.24490681164955247 406
0.2441364206913958 407
0.24237332569623599 408
0.24227092751785445 409
0.23983946948865456 410
0.24113756085253382 411
0.2406752616634634 412
0.2384501483999644 413
0.23985600721962314 414
0.24661972247683697 415
0.23703431849035 416
0.23761425314476883 417
0.2361927119508543 418
0.24907753177130945 419
0.237856036914819 420
0.2463766049764092 421
0.2361673430582541 422
0.2403259428307745 423
0.23443310202238357 424
0.23772719574926637 425
0.2353934556752144 426
0.23837530897488732 427
0.23511096639015738 428
0.2403003690992628 429
0.23561229056216662 430
0.23495279746178793 431
0.25657662917521035 432
0.23592974383197848 433
0.23190408883118166 434
0.2358367970337354 435
0.23807861194141328 436
0.2362134214239245 437
0.2379480878607703 438
0.24422228687484468 439
0.23669302893119948 440
0.24381925740676996 441
0.24325633968543486 442
0.24062716891962982 443
0.24211607861558027 444
0.24247869963593388 445
0.2403009899082813 446
0.24939443680137646 447
0.2401808383598511 448
0.2440182485407834 449
0.24490009937674687 450
0.24042937131271322 451
0.2406357255104275 452
0.23675203715988857 453
0.23667958177780699 454
0.24098285037776676 455
0.24473290820111368 456
0.23866084706711962 457
0.24419148957296777 458
0.23760655833726238 459
0.24588146409961945 460
0.24295526231373546 461
0.24612477214756764 462
0.2432717440375985 463
0.23955904468992775 464
0.23590827134677173 465
0.23790334069178448 466
0.23926335219761102 467
0.23795878477866117 468
0.23758603795331898 469
0.23644784339731856 470
0.23546314642285757 471
0.2390366627849759 472
0.2374742387509352 473
0.2374564904689688 474
0.2378685408679254 475
0.23737808078669964 476
0.23517730187034094 477
0.23695748135174755 478
0.23591200100828286 479
0.2380350032740105 480
0.23562470390511772 481
0.23380253199835707 482
0.23620383692439662 483
0.23661478333370042 484
0.23548238242590083 485
0.23734393817746566 486
0.2361167342941585 487
0.23394699494662874 488
0.23668994861920234 489
0.2348642185234816 490
0.23665771228836735 491
0.23368870894875626 492
0.23406721812777612 493
0.2327320935528495 494
0.2345063097567165 495
0.2356287467491046 496
0.2324468626756054 497
0.2353796394038314 498
0.23519241636412472 499
0.23769838642743135 500
0.23714349848901672 501
0.2376191503784367 502
0.23590716974718748 503
0.23628960583202213 504
0.23670910026502728 505
0.2353335845203657 506
0.2365152723208523 507
0.2343929801930649 508
0.233302929569656 509
0.23436533484000793 510
0.23334485108127412 511
0.23380368529153642 512
0.23285733767928135 513
0.2392806880501076 514
0.23491431050571301 515
0.23470001988559944 516
0.2350027113369007 517
0.23510025954112548 518
0.23331345292556765 519
0.23361836899872607 520
0.23446795196268086 521
0.2364003659023435 522
0.23350965074706376 523
0.23423056405476778 524
0.23507451943623667 525
0.23290284635308559 526
0.23249022864430713 527
0.23415087942917379 528
0.23426026292787328 529
0.23180795837235488 530
0.23404652276710775 531
0.23286918915263904 532
0.23809736775308343 533
0.2351600165064032 534
0.23193975622590474 535
0.23193332396904506 536
0.2324825556669948 537
0.23479035545269825 538
0.232371325162794 539
0.2315671361564387 540
0.23263797173104664 541
0.23186701262916187 542
0.22994503450147374 543
0.22979114973264778 544
0.2287714931485587 545
0.2312253712504294 546
0.231464350169924 547
0.230582240531809 548
0.23004893966683845 549
0.2294516965372615 550
0.22914907616370303 551
0.22971397236236785 552
0.22967056251732657 553
0.23016909668164548 554
0.229868889832977 555
0.2287662222666136 556
0.23002780628979003 557
0.22814916831886342 558
0.23140055609264754 559
0.23064261393556496 560
0.23155111916500362 561
0.22944687191567067 562
0.22819303888878364 563
0.22950851280339318 564
0.22761329271564612 565
0.2277832288245171 566
0.22787984943187348 567
0.23289568553566994 568
0.22940655520118097 569
0.22940655520118097 570
0.2318927301464153 571
0.22909407366195958 572
0.23128712934532997 573
0.228570926440418 574
0.22815996800584784 575
0.22624233750438183 576
0.22647546803111923 577
0.23011742046025016 578
0.2268099727425156 579
0.2266296790580638 580
0.22551716341527148 581
0.22487004327368557 582
0.22381122797508837 583
0.22622987504255684 584
0.22368604815960438 585
0.22516865877032635 586
0.22281751457872281 587
0.2212569190115762 588
0.221269341759583 589
0.22590964160326815 590
0.22107573021392762 591
0.22108277841779767 592
0.22625843393577805 593
0.22372399853168898 594
0.22014093184579603 595
0.2227357606651944 596
0.2214863339185959 597
0.22060593784822066 598
0.2222739428725373 599
0.22211218876580768 600
0.22556333982711854 601
0.22908343379495286 602
0.2322916690202577 603
0.24752581980125415 604
0.23304833081603443 605
0.232669981214963 606
0.23398061901266348 607
0.23390383228751122 608
0.2340339464312015 609
0.2256162582465229 610
0.22483406136737177 611
0.22839374644928923 612
0.22816887881037234 613
0.22634614066440034 614
0.2242033465557391 615
0.22686258459272127 616
0.2200848884532195 617
0.2212001062082632 618
0.22201444360311268 619
0.2183888496812382 620
0.22033058495456598 621
0.21877826361370195 622
0.21998619875001726 623
0.21996050919860402 624
0.21841676883428204 625
0.2176874351677506 626
0.2188216148873746 627
0.22041283147335153 628
0.220513218116662 629
0.2209079012278429 630
0.22076069383501135 631
0.22228956105144712 632
0.2225541115507524 633
0.2229971967996606 634
0.22229452500249638 635
0.22377148363648217 636
0.2210510675620237 637
0.22863903694524648 638
0.23284342946378844 639
0.22731983681333912 640
0.2215548303693609 641
0.22364082188532503 642
0.22331558330619708 643
0.22306352172904423 644
0.22660955638026928 645
0.22555750578155645 646
0.22088386646933064 647
0.21899707459332146 648
0.2193723443862067 649
0.2200609029292097 650
0.22099246912624185 651
0.22089507526532617 652
0.2223112361240832 653
0.22248620109124803 654
0.22418260108661342 655
0.2252814920240766 656
0.22510194394441146 657
0.22611530586937986 658
0.22718650917305383 659
0.23035722831437122 660
0.223486610813963 661
0.22078162979532207 662
0.22360664303542646 663
0.22489181513616327 664
0.22802611656887428 665
0.22697718974785575 666
0.22458462622096287 667
0.22169866884176764 668
0.22307226763179203 669
0.22152317837435787 670
0.22766424670218532 671
0.22054063291607418 672
0.21902457923147756 673
0.2183500811542771 674
0.22092689927743062 675
0.22495187716736212 676
0.219690427583655 677
0.21649290854058176 678
0.21917723337932826 679
0.2192729895775864 680
0.21630603286023692 681
0.22262251398861768 682
0.22025027926372287 683
0.22965933702028912 684
0.21901740507964615 685
0.22208818672164832 686
0.2201107720481071 687
0.2244904849445783 688
0.2223351836258317 689
0.21776463552894892 690
0.22417800767503412 691
0.2238906572770311 692
0.22517170252633567 693
0.22162579982589012 694
0.2254204127579593 695
0.2196662498319564 696
0.22218072255074306 697
0.22215610884757675 698
0.2217481405378136 699
0.22108293366222925 700
0.22181838804177764 701
0.22422174643225945 702
0.22018000178613875 703
0.2170766170804606 704
0.22372177892739853 705
0.2208012463916527 706
0.21895056397443985 707
0.22086541569334997 708
0.21665158520019492 709
0.21906971458543495 710
0.21773853238070934 711
0.226101527875117 712
0.21940566915808296 713
0.22298507652226127 714
0.2216360972008621 715
0.2238820378096527 716
0.22427203426124065 717
0.22427362247413815 718
0.22455500760801733 719
0.22686256102984892 720
0.22164869365476392 721
0.21935876204821395 722
0.22209158956195002 723
0.2213197853915292 724
0.22277699649182012 725
0.2324664735453312 726
0.226841388990532 727
0.23096604345281993 728
0.22432071419030145 729
0.2226768866888152 730
0.22206196459409336 731
0.2248623110548803 732
0.218981630596765 733
0.221761623813454 734
0.22209722591401096 735
0.222527377341324 736
0.22036247873246095 737
0.22627381543543876 738
0.2206668175027473 739
0.22153139595680824 740
0.22301244911069215 741
0.22419585589554822 742
0.22077038190540713 743
0.21902888473427243 744
0.22618947787625385 745
0.2246517312294003 746
0.23215013267828655 747
0.22377083367843872 748
0.2241587405656294 749
0.22118143805635243 750
0.21520414728847792 751
0.21757445147748466 752
0.22628543673416548 753
0.22114256301215449 754
0.22258724484804232 755
0.22235414932020747 756
0.22159627606624416 757
0.2191792705959642 758
0.222860724008072 759
0.21708170346950947 760
0.21865805517981127 761
0.21712949591574096 762
0.21199021192037779 763
0.2143861266560861 764
0.21680694843399315 765
0.21573144691832516 766
0.2152325244607506 767
0.20981015385040286 768
0.22172657550111952 769
0.2204526825994923 770
0.22740881687093414 771
0.23367610531105037 772
0.22466276763244108 773
0.22180744209586184 774
0.22378550492857324 775
0.21653930238930771 776
0.2214563261029982 777
0.21410643273932678 778
0.22208356906502774 779
0.22102917951605158 780
0.22675602675897574 781
0.21972171857843265 782
0.21833381614351757 783
0.22215117485276864 784
0.23269294285055 785
0.22360564049448486 786
0.21993139805239809 787
0.21920008433469237 788
0.22229160711340917 789
0.22593076232613168 790
0.21849863296341 791
0.231799116376465 792
0.22045437621682798 793
0.22146978293192615 794
0.21938300624933765 795
0.22179282345578438 796
0.21256285207750883 797
0.21843669054551154 798
0.2082633696067471 799
0.21993560860977568 800
0.21728711931821423 801
0.2147690246921372 802
0.21524268817083972 803
0.21497850902691076 804
0.21200753780945963 805
0.211640344485319 806
0.20935836032341218 807
0.2237973529079294 808
0.22308091895876436 809
0.21931008688762169 810
0.21845017814331213 811
0.21880468136142983 812
0.21750836720225342 813
0.21892831205581625 814
0.21815518558593144 815
0.21578574195764633 816
0.2200546183297887 817
0.22321556561343125 818
0.21838961963545042 819
0.20958410051363793 820
0.21537825554844037 821
0.21573595764631104 822
0.21720278751058267 823
0.21092916523533198 824
0.21022176051212618 825
0.21440346464221083 826
0.2131750679199224 827
0.21315197810206155 828
0.20995306709152037 829
0.2073761093704198 830
0.21523618710983575 831
0.2127746956350044 832
0.21339847841836762 833
0.21283799589029148 834
0.213768262817024 835
0.21842416182940866 836
0.20981845104389715 837
0.2205348277455257 838
0.21917547021305134 839
0.22353027560674615 840
0.21853766897911073 841
0.22198707438643267 842
0.21534990997390363 843
0.21880547974464537 844
0.22104865886093375 845
0.22453821489433043 846
0.22243456525136301 847
0.22477386001115038 848
0.22411048452453752 849
0.2283614572900689 850
0.2221437497325997 851
0.24403266736832033 852
0.22763552085938615 853
0.22657340775065832 854
0.22312056585134796 855
0.22008264475574182 856
0.2245457363666676 857
0.22534917858528272 858
0.2272687274745176 859
0.2293634439107203 860
0.22202232177236964 861
0.2218534323471884 862
0.21902213874334972 863
0.22068816898153004 864
0.22397176745728634 865
0.2235335152580013 866
0.22020055861594878 867
0.22440453680746025 868
0.21926978217938206 869
0.21751236425072967 870
0.226614587949763 871
0.2247541729688158 872
0.22686178477373128 873
0.22426796434422866 874
0.22353607242665413 875
0.22833062408848007 876
0.22238667420497255 877
0.22292775735886278 878
0.2276033693424515 879
0.2253984344248051 880
0.2244653617245691 881
0.22323167567218227 882
0.22424690838850442 883
0.2275683756729306 884
0.22585730757566638 885
0.22567579579167657 886
0.22561738016778463 887
0.22339669888884772 888
0.22455073040888412 889
0.2234053532728374 890
0.2218279057677066 891
0.2198130362254701 892
0.22325900341642171 893
0.22393032548629002 894
0.22882159388922463 895
0.22967882364707942 896
0.22861797836350356 897
0.2284426080214699 898
0.22757945066897128 899
0.23077628106376133 900
0.23198514630390915 901
0.22198444615861623 902
0.22404728876793528 903
0.22066797332448299 904
0.22224169008825762 905
0.22811317657228902 906
0.2284211390173547 907
0.22929250401092663 908
0.220744754255148 909
0.23215867044351055 910
0.22557481152050546 911
0.2192139622544684 912
0.21773768712667155 913
0.22294799084036415 914
0.21969516094579977 915
0.22055565036355898 916
0.22980509046557449 917
0.22586687054792767 918
0.23016564833667444 919
0.2427254683549013 920
0.2458050523603299 921
0.22563532757113228 922
0.24370254183562046 923
0.24852730978771823 924
0.2440749897836197 925
0.24371194677026334 926
0.24253808995873533 927
0.24337806760530092 928
0.23842299566567976 929
0.24537953097361712 930
0.24176990384204072 931
0.2330560576091948 932
0.23253660528437248 933
0.2334885753464508 934
0.22769971103087888 935
0.23402016831040906 936
0.23001600193786065 937
0.2357381161340224 938
0.2513204245406585 939
0.23287210380201148 940
0.24413938734887777 941
0.24898000450401672 942
0.23929238231658054 943
0.24429422301760217 944
0.2374706247094204 945
0.2399391596887817 946
0.23344402785662022 947
0.2388457694075167 948
0.23252822349528462 949
0.23921176980633654 950
0.22936063103017856 951
0.2308953445471491 952
0.2321426106944797 953
0.23201480889804824 954
0.2293663136104618 955
0.2296089199585182 956
0.22909132396046183 957
0.23249313233862962 958
0.22800843207675003 959
0.22753564067715565 960
0.22878078572283625 961
0.22904632422601653 962
0.22846540510822322 963
0.23120316811380648 964
0.22951066359125413 965
0.22960038966372734 966
0.2296207114886787 967
0.22803124462369956 968
0.22982928738372707 969
0.2227145932409955 970
0.22796114112396515 971
0.22175723904990907 972
0.22521909944225804 973
0.22921267878076873 974
0.22679009593333316 975
0.22391900417575472 976
0.22312168434287843 977
0.22483444827209276 978
0.2274322247844098 979
0.22359373441993308 980
0.22033193094906492 981
0.22879273274539086 982
0.22715409152734928 983
0.22533587858488852 984
0.22508583373212787 985
0.22173489768900206 986
0.22468629439959412 987
0.23260821398770382 988
0.22969883305022587 989
0.22690002208137902 990
0.2359888272695432 991
0.23189681756178807 992
0.2284554984426688 993
0.22940037442713854 994
0.2292582612182524 995
0.2336206732274388 996
0.23425212748402136 997
0.24104754770532535 998
0.22916699519002387 999
0.23804988010625755 1000
0.2348613368628574 1001
0.2366723694675502 1002
0.23357415270488968 1003
0.23466962258445473 1004
0.2337119360653731 1005
0.22847945751994486 1006
0.23071772829244092 1007
0.2413865202757975 1008
0.23604749443728001 1009
0.23118271871088952 1010
0.22666494046323232 1011
0.229650503983143 1012
0.2307748713841151 1013
0.2301659638134929 1014
0.23045668582421186 1015
0.2274726721700373 1016
0.22575225200566032 1017
0.22992507402063866 1018
0.2275752828788418 1019
0.22646182820571562 1020
0.22360827371744588 1021
0.22173608118557986 1022
0.22790848351716836 1023
0.22540265551095384 1024
0.23067204032421912 1025
0.22662245210441403 1026
0.22756586256759176 1027
0.2215982958749012 1028
0.22233276876916802 1029
0.2212355322337357 1030
0.22484353193823536 1031
0.2259976136792397 1032
0.22684255130637357 1033
0.2295812336120498 1034
0.22784707885044783 1035
0.22567607978635584 1036
0.22318316928092644 1037
0.21971685694013612 1038
0.22104737940743255 1039
0.2256602848454886 1040
0.2251097626631579 1041
0.22935339757805762 1042
0.22450962036886304 1043
0.22791997320952717 1044
0.22562715363922958 1045
0.22987331640932257 1046
0.23321964304922344 1047
0.23245448929045864 1048
0.23282392252384088 1049
0.24388422954346753 1050
0.23578444323747724 1051
0.2283576349521973 1052
0.22902292412491523 1053
0.23399531579441726 1054
0.23158950223552663 1055
0.23384630239295137 1056
0.23129760541965444 1057
0.23076672715743896 1058
0.2286531982002762 1059
0.22573779159829438 1060
0.22546739720911554 1061
0.2263400761274825 1062
0.22694806849389842 1063
0.22856927336326466 1064
0.22611022889996202 1065
0.2279120835141681 1066
0.2271519575427159 1067
0.22681435084027665 1068
0.22504604750249338 1069
0.22907697610948105 1070
0.2213471795179192 1071
0.22792507638401718 1072
0.225404130021105 1073
0.22746889573066528 1074
0.23044677407935008 1075
0.22555949420970095 1076
0.2295916154869793 1077
0.22593409044021215 1078
0.23167955013704297 1079
0.2278149295878891 1080
0.22868333431751894 1081
0.22680451440399438 1082
0.22793592874260127 1083
0.22639932876849192 1084
0.2245236220269284 1085
0.22630830548037806 1086
0.23003270577532517 1087
0.22407652012527463 1088
0.2252232773981438 1089
0.223964847777675 1090
0.229371357495214 1091
0.22451552829443286 1092
0.2219351856881617 1093
0.21831529146926557 1094
0.2275057832156888 1095
0.22193183936329802 1096
0.22695156766765537 1097
0.2250354447650639 1098
0.2278103802320652 1099
0.22353274243478052 1100
0.2230237982391444 1101
0.22199153719982515 1102
0.2231849418739748 1103
0.22775470054803815 1104
0.22599388303026252 1105
0.22075141626674322 1106
0.22274847082388252 1107
0.22390944174078325 1108
0.21782249380088248 1109
0.22169039779597982 1110
0.22356890897753523 1111
0.22192020831285114 1112
0.22067393212918612 1113
0.21735605320353027 1114
0.2194101912041779 1115
0.22125591050278212 1116
0.2221068792947303 1117
0.2197280438777477 1118
0.22123719514493534 1119
0.22145407790461807 1120
0.2210331269073482 1121
0.21799488178017415 1122
0.2215367248054535 1123
0.22080192504898297 1124
0.22037235250930498 1125
0.22049146101937828 1126
0.22230316711207956 1127
0.2213729999305838 1128
0.2211271611004982 1129
0.22141567321998962 1130
0.2209587286961606 1131
0.22168327690883347 1132
0.22054975471236138 1133
0.22041363928533803 1134
0.2201704923003247 1135
0.21830905047498786 1136
0.21976345757635365 1137
0.22018424605992926 1138
0.22033772152818817 1139
0.22146154289361142 1140
0.21772673930719744 1141
0.2216955688085013 1142
0.21990341125131885 1143
0.22055134127782178 1144
0.2201285861597414 1145
0.21961864522023977 1146
0.2201467119650607 1147
0.21813063177067574 1148
0.21994388525533437 1149
0.21932080376340923 1150
0.22070153490907507 1151
0.22042384929008102 1152
0.21949990359469004 1153
0.22310733374051778 1154
0.22224533545587868 1155
0.2209383830021435 1156
0.2191026910447264 1157
0.22212857918588713 1158
0.2235818696817193 1159
0.22196207416022495 1160
0.22100695332620998 1161
0.22206489188759343 1162
0.22301891693372378 1163
0.2221166829677096 1164
0.22113434478589564 1165
0.22210976971680718 1166
0.2213332959907417 1167
0.221861499298269 1168
0.2210215724451495 1169
0.22199950806417032 1170
0.2215089980599894 1171
0.21945791758453004 1172
0.22014580710843246 1173
0.22000883165460233 1174
0.22072087704392013 1175
0.22215342760093607 1176
0.22208966999937885 1177
0.22214747099498103 1178
0.22163305314283455 1179
0.22170816153424702 1180
0.2207218314609373 1181
0.2208165112739517 1182
0.22067524367192548 1183
0.22144871412383665 1184
0.22020109770148993 1185
0.220352694991973 1186
0.22052619996006273 1187
0.22059051457229878 1188
0.22016580502887032 1189
0.22088844262216006 1190
0.22036755169900893 1191
0.2199864323285034 1192
0.21945650353584512 1193
0.22040210412060596 1194
0.21974860475617505 1195
0.22077928228543306 1196
0.2230195152775409 1197
0.21954663632560165 1198
0.2194015537389749 1199
0.2203372404530985 1200
0.22094512788644044 1201
0.2192244705402941 1202
0.21986387529210807 1203
0.2181024259208606 1204
0.2196024648161753 1205
0.22013220449302828 1206
0.2217654548483631 1207
0.21745734705849756 1208
0.2216243128770325 1209
0.2191380938677529 1210
0.21681677872600996 1211
0.22263537712575907 1212
0.22280898402486402 1213
0.22079279592305806 1214
0.2207498901823966 1215
0.222776740919231 1216
0.22300997442068107 1217
0.22464869552863195 1218
0.2207688242902822 1219
0.22242811266743584 1220
0.22052224414525862 1221
0.21992839888458512 1222
0.22097006481119585 1223
0.21938894621623212 1224
0.21984946287033422 1225
0.2201468815302015 1226
0.22105870297325433 1227
0.22043508812565593 1228
0.22200422305270776 1229
0.21861420104136728 1230
0.21909082137923283 1231
0.22229232449433486 1232
0.2176862147834253 1233
0.21971438460820697 1234
0.21935659673581942 1235
0.22301429992496252 1236
0.2212961506448694 1237
0.22118534615536561 1238
0.22216984529803777 1239
0.22127731032539752 1240
0.2287536515182916 1241
0.2297599926619433 1242
0.22597336390117598 1243
0.2223431699284859 1244
0.222381099218009 1245
0.22094344938146235 1246
0.22442933777561522 1247
0.22259821471937452 1248
0.22166602148560768 1249
0.2217503680886303 1250
0.22120387111553763 1251
0.2226584008246582 1252
0.22173060151847246 1253
0.2205420934203116 1254
0.21994144851888126 1255
0.21959202419767884 1256
0.22363154376232405 1257
0.22327802530174487 1258
0.218409515967563 1259
0.21966534190301998 1260
0.2175413182200708 1261
0.2186434599738964 1262
0.21749925659604025 1263
0.21856012925490012 1264
0.2184864436096824 1265
0.22225213952316972 1266
0.22035823120413744 1267
0.2208139840196885 1268
0.2213126100711261 1269
0.22287077890698276 1270
0.2198444282540155 1271
0.2236111375923524 1272
0.22235418414414743 1273
0.22333464042481768 1274
0.2246569830315468 1275
0.22070596768327108 1276
0.2237798366385479 1277
0.22300106561928099 1278
0.223361953050934 1279
0.22215739968024134 1280
0.2236274649813253 1281
0.22272104051876881 1282
0.22317082727109186 1283
0.22263153125729643 1284
0.22465468540553646 1285
0.22110572126951997 1286
0.22140608743510864 1287
0.22109914569236336 1288
0.21983235654559866 1289
0.22159464347515045 1290
0.22027306071267277 1291
0.22289140929243378 1292
0.2227003063927353 1293
0.22214394119367656 1294
0.22131478445904287 1295
0.2201314709613278 1296
0.2208792586727077 1297
0.22151967031409245 1298
0.22113026327857907 1299
0.22211984000146678 1300
0.22149986090141238 1301
0.2190617098331461 1302
0.2177538824401818 1303
0.22121579089520574 1304
0.21805309802892633 1305
0.21971194116700918 1306
0.21690451866339774 1307
0.2183562774961071 1308
0.21856583614519456 1309
0.2157696183550552 1310
0.21885745148116112 1311
0.21698508020400187 1312
0.22107087992331165 1313
0.22007259620352576 1314
0.21701622890663802 1315
0.21973489063231463 1316
0.21895142931310085 1317
0.21935722322904377 1318
0.21404368485222827 1319
0.21728920030195453 1320
0.21854872542803955 1321
0.22146302961399494 1322
0.2196724283544439 1323
0.2184651186314013 1324
0.22282863622653407 1325
0.22206729792685692 1326
0.22283381825772003 1327
0.2223716786758347 1328
0.22326037786433606 1329
0.22267344288089846 1330
0.22321530059592354 1331
0.22225135792754708 1332
0.22325538448760116 1333
0.2215940033110012 1334
0.21790747346980027 1335
0.22022223469182234 1336
0.2175735331615798 1337
0.21993075100643614 1338
0.22129065906664677 1339
0.22313521699993177 1340
0.22148312715789398 1341
0.22369231419659302 1342
0.21863681668827217 1343
0.2229806803796608 1344
0.22208013657108508 1345
0.2223235632638177 1346
0.2207186268985207 1347
0.22148181629420124 1348
0.2225653823404235 1349
0.22458354966163785 1350
0.22163165970828513 1351
0.22159447776538568 1352
0.2245337063525055 1353
0.22054265330236877 1354
0.2204267794404879 1355
0.22063793211063426 1356
0.22081443446904706 1357
0.22040990143237463 1358
0.22138775098030655 1359
0.220038675064612 1360
0.2181211920503414 1361
0.22050277930930623 1362
0.21936199200540943 1363
0.22044422016714932 1364
0.21936322134180222 1365
0.21801143913670726 1366
0.2189923852282576 1367
0.22225776628624563 1368
0.2202463769868499 1369
0.21723242360784137 1370
0.2192484750703144 1371
0.21893179627048168 1372
0.2195473223421258 1373
0.21881942963539114 1374
0.21745297948334785 1375
0.2186382383381641 1376
0.21851232302876558 1377
0.21745439976381148 1378
0.2215382640600692 1379
0.21980962831890555 1380
0.22178290460271083 1381
0.224131259345924 1382
0.22088326399682567 1383
0.22055861054337322 1384
0.2224130649263532 1385
0.22014973052623793 1386
0.2245155257329064 1387
0.22605896779748008 1388
0.22560113968465606 1389
0.22862356511128015 1390
0.2258709535744031 1391
0.22422639918828677 1392
0.22778924335522766 1393
0.22273666213202115 1394
0.22640436619383875 1395
0.22385547516580848 1396
0.22507336073310114 1397
0.22604319289505526 1398
0.2249096068151651 1399
0.22456544432705192 1400
0.2270027680892643 1401
0.22278057715268493 1402
0.22379320927145419 1403
0.22673737391858292 1404
0.2224530372371265 1405
0.22402037489943988 1406
0.22329312852051328 1407
0.2216845444651536 1408
0.22222862878107727 1409
0.22677554019627308 1410
0.23064477065080743 1411
0.22585587217186678 1412
0.22909020666851052 1413
0.22986853093780316 1414
0.22597681364686178 1415
0.22619843294093425 1416
0.22558189447023513 1417
0.22574297484519126 1418
0.2252960891820749 1419
0.2238181287084289 1420
0.22551169791129205 1421
0.22993078187308158 1422
0.22606262909882527 1423
0.22327923546625164 1424
0.22412503145851678 1425
0.22134943593992543 1426
0.22538877808633506 1427
0.21996566421638103 1428
0.21890132702043633 1429
0.22256058388700375 1430
0.2244338685568012 1431
0.2244506886888891 1432
0.22230414757904815 1433
0.22215676985768806 1434
0.2223142698977765 1435
0.22367941823410914 1436
0.224335091206992 1437
0.22689687127270147 1438
0.22178173776401156 1439
0.22560896904665528 1440
0.22249612244450095 1441
0.2237476395779661 1442
0.22347903801460728 1443
0.2240829916556655 1444
0.22507864976685618 1445
0.22559442082127332 1446
0.22658948234987117 1447
0.22611218180044804 1448
0.22449991389906848 1449
0.22630494629653417 1450
0.2240523737363579 1451
0.22367813064902947 1452
0.22527352194296832 1453
0.2235968967358564 1454
0.22484374894567877 1455
0.22593020534191643 1456
0.225862799224334 1457
0.22840267173083634 1458
0.22564452931267398 1459
0.22730819752764583 1460
0.22585425510156132 1461
0.22564872021002053 1462
0.2254131100328928 1463
0.22722026165305953 1464
0.22901405702001915 1465
0.22621772035587634 1466
0.22726339223451605 1467
0.22727371295252075 1468
0.22568633384419143 1469
0.22754702532382487 1470
0.22511947691468548 1471
0.22647332293872466 1472
0.22632811689409602 1473
0.22789548728375528 1474
0.22997864094028816 1475
0.22695571003147247 1476
0.23122918295809752 1477
0.228890348319122 1478
0.23033701379789065 1479
0.22749500152392305 1480
0.22667714833700928 1481
0.22409745038265386 1482
0.22397800331476242 1483
0.22593687638478357 1484
0.22813003980149726 1485
0.22334433784048183 1486
0.2271308274884788 1487
0.22409241215508935 1488
0.2264559242163735 1489
0.2227502889146411 1490
0.2220154043312645 1491
0.2215924090588667 1492
0.22490594513687256 1493
0.2239246278670042 1494
0.22852900123556433 1495
0.22898362970545583 1496
0.2288589053700055 1497
0.2269915618480799 1498
0.2243081316642328 1499
0.22810155034736682 1500
0.22882904820056293 1501
0.23515949040146347 1502
0.23496202507704358 1503
0.2262977808898832 1504
0.2257596133443595 1505
0.2255503755120024 1506
0.22581304537301466 1507
0.22396603717412536 1508
0.22763898008744426 1509
0.22436864790412428 1510
0.22285441128777253 1511
0.22379241118242485 1512
0.2229605137263356 1513
0.22399275137482713 1514
0.22270051983587758 1515
0.22420418202108297 1516
0.22280778238357285 1517
0.22170756592135515 1518
0.2214082720542686 1519
0.2216893215793751 1520
0.2213622373732418 1521
0.22318069553907158 1522
0.2216626167138176 1523
0.22443695818646986 1524
0.22196328887969033 1525
0.22231526551882805 1526
0.22427906104108133 1527
0.22123164626528857 1528
0.22050158922409416 1529
0.22424459252482914 1530
0.22401565125654702 1531
0.22567178760336046 1532
0.2268367985333114 1533
0.22467326822217581 1534
0.22116572765642345 1535
0.2234611280851089 1536
0.2179611618346654 1537
0.2253409675499886 1538
0.22116784351485794 1539
0.2209688386058254 1540
0.222333677053111 1541
0.2221926892092213 1542
0.22716778360935452 1543
0.2293071282606035 1544
0.22860737279002666 1545
0.22778475285781183 1546
0.22317419715457373 1547
0.22661129843596892 1548
0.22128221680015306 1549
0.22014944849280377 1550
0.22277556484831404 1551
0.22679390375832076 1552
0.2237977582136872 1553
0.22448712274822713 1554
0.22109008939598504 1555
0.218701760165373 1556
0.2191412166821028 1557
0.2161847324979175 1558
0.22054848877191516 1559
0.2207021405613953 1560
0.21962228985176221 1561
0.21870110005813131 1562
0.22008723055088944 1563
0.22129137090566214 1564
0.21926252375246227 1565
0.22055862028914333 1566
0.21873395883028024 1567
0.21946314428913258 1568
0.22210935880614557 1569
0.23074988916341166 1570
0.22090492667433212 1571
0.21501133052678606 1572
0.2224260995262234 1573
0.22027702109632133 1574
0.2198264978428593 1575
0.22140892936126438 1576
0.22160822701321287 1577
0.22107235700947522 1578
0.22142976990848925 1579
0.2196768321668231 1580
0.21918015702168034 1581
0.2183519792681707 1582
0.21845323987508442 1583
0.22052845943152877 1584
0.21823966393877403 1585
0.21983860404868502 1586
0.21782380505342566 1587
0.21889076474171393 1588
0.2176695004748378 1589
0.2198389215602835 1590
0.21722237862185426 1591
0.21804913373012616 1592
0.2175683726339068 1593
0.2219230360645421 1594
0.2224910078873177 1595
0.22426957481971246 1596
0.22033521762531494 1597
0.22011378179625943 1598
0.22181937161227497 1599
0.22184664526880332 1600
0.22597510647455377 1601
0.22642381993523938 1602
0.22149037155736925 1603
0.22179001564736825 1604
0.2218716337366038 1605
0.22179059850243088 1606
0.2206814283069071 1607
0.2247797895232514 1608
0.22270509915450673 1609
0.22064835708134722 1610
0.21825980568072398 1611
0.21722938360065067 1612
0.21880501193507532 1613
0.22077902269997707 1614
0.2193621387258095 1615
0.219590189911779 1616
0.22339563594894774 1617
0.2226084860479154 1618
0.2185491656435047 1619
0.21847907131591612 1620
0.22204247908630184 1621
0.2237054057372241 1622
0.22331658325075684 1623
0.22578169513734497 1624
0.22530687952601045 1625
0.225013575918188 1626
0.22490568936511976 1627
0.22264595166194961 1628
0.2234069446426578 1629
0.22268022874457954 1630
0.2225416251322295 1631
0.2232563043917517 1632
0.22412107727243372 1633
0.22542272627374593 1634
0.22410452697015856 1635
0.22571722278418863 1636
0.22539033992326454 1637
0.2260014775563531 1638
0.223423939947732 1639
0.22485873639159046 1640
0.22510822357235521 1641
0.22397436964711143 1642
0.22342793569025826 1643
0.22296780255179593 1644
0.22542895921179776 1645
0.2224532573271685 1646
0.22118621798024674 1647
0.21452997195404494 1648
0.22043391070866197 1649
0.22580790989425162 1650
0.22026979866449134 1651
0.22096045043994367 1652
0.22187905712686032 1653
0.2199675106093333 1654
0.2205039179823708 1655
0.21977977786200953 1656
0.22236385093461175 1657
0.2190149052526918 1658
0.22205809137177782 1659
0.222032411781503 1660
0.2216393438990685 1661
0.22026736938974228 1662
0.22144826347476773 1663
0.22086475705449005 1664
0.22088022702857182 1665
0.22372766330096047 1666
0.22574004408203874 1667
0.22021899758390018 1668
0.22347880530464237 1669
0.22442853522237968 1670
0.22280596056598265 1671
0.22277497218967512 1672
0.222966833408823 1673
0.22246209891123953 1674
0.22330109348961064 1675
0.2229814534156802 1676
0.22845321774770067 1677
0.22755836183591666 1678
0.22582710868817807 1679
0.22242644696046066 1680
0.22703040032697644 1681
0.22721652120147437 1682
0.22594292786778192 1683
0.22422100119372376 1684
0.22581530987873755 1685
0.22373174488889414 1686
0.2251880268514723 1687
0.22596116496247956 1688
0.22403667401999963 1689
0.2223100178882653 1690
0.22369125685469882 1691
0.22399885911114045 1692
0.224410341530973 1693
0.2247916123336133 1694
0.22575990100338628 1695
0.22190898273346057 1696
0.22543162312862552 1697
0.22352469250029905 1698
0.22555181444818784 1699
0.22367226618169186 1700
0.2228667168038419 1701
0.2230218288926768 1702
0.22556153665534043 1703
0.22658994088712928 1704
0.22716965198196237 1705
0.22638616483401394 1706
0.22323617013601316 1707
0.22716493160576678 1708
0.22931334568742823 1709
0.22411269834727532 1710
0.22555635654963568 1711
0.22537129466936895 1712
0.22647820242059305 1713
0.22552134651418906 1714
0.22554194741913333 1715
0.22642823606290313 1716
0.22437548588059542 1717
0.22548817803090143 1718
0.22582804321314962 1719
0.22487533442906782 1720
0.229120942330171 1721
0.2258617049239117 1722
0.22956972556848104 1723
0.2253933331369523 1724
0.2260991923129123 1725
0.23009612675644528 1726
0.22632212456203646 1727
0.22559881799260584 1728
0.2254485867332987 1729
0.2259272767673549 1730
0.22597773520973302 1731
0.2247869240472426 1732
0.22432192692090722 1733
0.22504817146214406 1734
0.22525202723638896 1735
0.22637372858532856 1736
0.22518301195819207 1737
0.2252221626682208 1738
0.22633529256379448 1739
0.22566892816889025 1740
0.22781027896675812 1741
0.22698533275742397 1742
0.22504135058700914 1743
0.2261057047446533 1744
0.22437632562203727 1745
0.22663970260867952 1746
0.22361138991311433 1747
0.22420496278006294 1748
0.22607472005394255 1749
0.22419404235404078 1750
0.22397306667486747 1751
0.224181816236873 1752
0.22308390169421463 1753
0.22299746809663087 1754
0.22420184619024044 1755
0.22326061224021626 1756
0.22279658547509384 1757
0.22416624176380867 1758
0.22338639376350364 1759
0.22399067674304768 1760
0.22414110406359417 1761
0.22470102519116616 1762
0.22393933589432202 1763
0.22603833819510638 1764
0.22311525887177386 1765
0.22315709613007725 1766
0.2222609573566805 1767
0.22369919084243667 1768
0.22321296255279519 1769
0.22317111124939462 1770
0.22139689326351578 1771
0.2267949532268487 1772
0.2221984570557164 1773
0.2225624649173537 1774
0.22269465427089236 1775
0.2216893450454635 1776
0.22004307926297761 1777
0.22406417622447694 1778
0.2232382401645621 1779
0.2218969031821083 1780
0.22283181174870395 1781
0.22271094885994755 1782
0.22244738768343278 1783
0.22500367858228187 1784
0.22505692334835953 1785
