-5.124725659626814 0
-5.230435011497644 1
-5.230435011497644 2
-5.419620323480347 3
-5.477766265636218 4
-5.477766265636218 5
-5.477766265636218 6
-5.477766265636218 7
-5.477766265636218 8
-5.482686042124902 9
-5.482686042124902 10
-5.482686042124902 11
-5.482686042124902 12
-5.482686042124902 13
-5.482686042124902 14
-5.482686042124902 15
-5.482686042124902 16
-5.483381955312286 17
-5.483381955312286 18
-5.498373394052811 19
-5.498373394052811 20
-5.498373394052811 21
-5.498373394052811 22
-5.498373394052811 23
-5.49897210049147 24
-5.49897210049147 25
-5.49897210049147 26
-5.49897210049147 27
-5.49897210049147 28
-5.50218982535532 29
-5.50218982535532 30
-5.50218982535532 31
-5.50218982535532 32
-5.50218982535532 33
-5.505158780172391 34
-5.505158780172391 35
-5.505158780172391 36
-5.505158780172391 37
-5.505158780172391 38
-5.505158780172391 39
-5.505158780172391 40
-5.505158780172391 41
-5.505158780172391 42
-5.505158780172391 43
-5.505158780172391 44
-5.505158780172391 45
-5.505158780172391 46
-5.505158780172391 47
-5.505158780172391 48
-5.505158780172391 49
-5.505158780172391 50
-5.505158780172391 51
-5.505158780172391 52
-5.505158780172391 53
-5.505158780172391 54
-5.505158780172391 55
-5.507101573575069 56
-5.507145198702027 57
-5.507145198702027 58
-5.507145198702027 59
-5.507416139716749 60
-5.507568488035779 61
-5.507930810686208 62
-5.507930810686208 63
-5.507930810686208 64
-5.5079695958667845 65
-5.507983116197506 66
-5.507990979356531 67
-5.507990979356531 68
-5.507990979356531 69
-5.507990979356531 70
-5.507990979356531 71
-5.507990979356531 72
-5.507991518243756 73
-5.507991518243756 74
-5.507991518243756 75
-5.507995779067652 76
-5.507995779067652 77
-5.508008398761167 78
-5.508008398761167 79
-5.508008398761167 80
-5.50801082022877 81
-5.50801082022877 82
-5.50801082022877 83
-5.508012820869945 84
-5.508012820869945 85
-5.508013109231964 86
-5.508013109231964 87
-5.508013118197838 88
-5.508013118197838 89
-5.508013118197838 90
-5.508013118197838 91
-5.508013118197838 92
-5.508013118197838 93
-5.508013118197838 94
-5.508013118197838 95
-5.508013118197838 96
-5.508013118197838 97
-5.508013118197838 98
-5.508013118197838 99
-5.508013125059866 100
-5.508013125059866 101
-5.508013125059866 102
-5.508013125059866 103
-5.508013125059866 104
-5.508013125059866 105
-5.508013210848798 106
-5.508013210848798 107
-5.508013210848798 108
-5.508013210848798 109
-5.508013210848798 110
-5.508013210848798 111
-5.508013210848798 112
-5.508013210848798 113
-5.508013210848798 114
-5.508013210848798 115
-5.508013210848798 116
-5.508013210848798 117
-5.508013210848798 118
-5.508013210848798 119
-5.508013210848798 120
-5.508013210848798 121
-5.508013210848798 122
-5.508013210848798 123
-5.508013210848798 124
-5.508013210848798 125
-5.508013210848798 126
-5.508013210848798 127
-5.508013210848798 128
-5.508013210848798 129
-5.508013210848798 130
-5.508013210848798 131
-5.508013210848798 132
-5.508013210848798 133
-5.508013210848798 134
-5.508013210848798 135
-5.508013210848798 136
-5.508013210848798 137
-5.508013210848798 138
-5.508013210848798 139
-5.508013210848798 140
-5.508013210848798 141
-5.508013210848798 142
-5.508013210848798 143
-5.508013210848798 144
-5.508013210848798 145
-5.508013210848798 146
-5.508013210848798 147
-5.508013210848798 148
-5.508013210848798 149
-5.508013210848798 150
-5.508013210848798 151
-5.508013210848798 152
-5.508013210848798 153
-5.508013210848798 154
-5.508013210848798 155
-5.508013210848798 156
-5.508013210848798 157
-5.508013210848798 158
-5.508013210848798 159
-5.508013210848798 160
-5.508013210848798 161
-5.508013210848798 162
-5.508013210848798 163
-5.508013210848798 164
-5.508013210848798 165
-5.508013210848798 166
-5.508013210848798 167
-5.508013210848798 168
-5.508013210848798 169
-5.508013210848798 170
-5.508013210848798 171
-5.508013210848798 172
-5.508013210848798 173
-5.508013210848798 174
-5.508013210848798 175
-5.508013210848798 176
-5.508013210848798 177
-5.508013210848798 178
-5.508013210848798 179
-5.508013210848798 180
-5.508013210848798 181
-5.508013210848798 182
-5.508013210848798 183
-5.508013210848798 184
-5.508013210848798 185
-5.508013210848798 186
-5.508013210848798 187
-5.508013210848798 188
-5.508013210848798 189
-5.508013210848798 190
-5.508013210848798 191
-5.508013210848798 192
-5.508013210848798 193
-5.508013210848798 194
-5.508013210848798 195
-5.508013210848798 196
-5.508013210848798 197
-5.508013210848798 198
-5.508013210848798 199
-5.508013210848798 200
-5.508013210848798 201
-5.508013210848798 202
-5.508013210848798 203
-5.508013210848798 204
-5.508013210848798 205
-5.508013210848798 206
-5.508013210848798 207
-5.508013210848798 208
-5.508013210848798 209
-5.508013210848798 210
-5.508013210848798 211
-5.508013210848798 212
-5.508013210848798 213
-5.508013210848798 214
-5.508013210848798 215
-5.508013210848798 216
-5.508013210848798 217
-5.508013210848798 218
-5.508013210848798 219
-5.508013210848798 220
-5.508013210848798 221
-5.508013210848798 222
-5.508013210848798 223
-5.508013210848798 224
-5.508013210848798 225
-5.508013210848798 226
-5.508013210848798 227
-5.508013210848798 228
-5.508013210848798 229
-5.508013210848798 230
-5.508013210848798 231
-5.508013210848798 232
-5.508013210848798 233
-5.508013210848798 234
-5.508013210848798 235
-5.508013210848798 236
-5.508013210848798 237
-5.508013210848798 238
-5.508013210848798 239
-5.508013210848798 240
-5.508013210848798 241
-5.508013210848798 242
-5.508013210848798 243
-5.508013210848798 244
-5.508013210848798 245
-5.508013210848798 246
-5.508013210848798 247
-5.508013210848798 248
-5.508013210848798 249
-5.508013210848798 250
-5.508013210848798 251
-5.508013210848798 252
-5.508013210848798 253
-5.508013210848798 254
-5.508013210848798 255
-5.508013210848798 256
-5.508013210848798 257
-5.508013210848798 258
-5.508013210848798 259
-5.508013210848798 260
-5.508013210848798 261
-5.508013210848798 262
-5.508013210848798 263
-5.508013210848798 264
-5.508013210848798 265
-5.508013210848798 266
-5.508013210848798 267
-5.508013210848798 268
-5.508013210848798 269
-5.508013210848798 270
-5.508013210848798 271
-5.508013210848798 272
-5.508013210848798 273
-5.508013210848798 274
-5.508013210848798 275
-5.508013210848798 276
-5.508013210848798 277
-5.508013210848798 278
-5.508013210848798 279
-5.508013210848798 280
-5.508013210848798 281
-5.508013210848798 282
-5.508013210848798 283
-5.508013210848798 284
-5.508013210848798 285
-5.508013210848798 286
-5.508013210848798 287
-5.508013210848798 288
-5.508013210848798 289
-5.508013210848798 290
-5.508013210848798 291
-5.508013210848798 292
-5.508013210848798 293
-5.508013210848798 294
-5.508013210848798 295
-5.508013210848798 296
-5.508013210848798 297
-5.508013210848798 298
-5.508013210848798 299
-5.508013210848798 300
-5.508013210848798 301
-5.508013210848798 302
-5.508013210848798 303
-5.508013210848798 304
-5.508013210848798 305
-5.508013210848798 306
-5.508013210848798 307
-5.508013210848798 308
-5.508013210848798 309
-5.508013210848798 310
-5.508013210848798 311
-5.508013210848798 312
-5.508013210848798 313
-5.508013210848798 314
-5.508013210848798 315
-5.508013210848798 316
-5.508013210848798 317
-5.508013210848798 318
-5.508013210848798 319
-5.508013210848798 320
-5.508013210848798 321
-5.508013210848798 322
-5.508013210848798 323
-5.508013210848798 324
-5.508013210848798 325
-5.508013210848798 326
-5.508013210848798 327
-5.508013210848798 328
-5.508013210848798 329
-5.508013210848798 330
-5.508013210848798 331
-5.508013210848798 332
-5.508013210848798 333
-5.508013210848798 334
-5.508013210848798 335
-5.508013210848798 336
-5.508013210848798 337
-5.508013210848798 338
-5.508013210848798 339
-5.508013210848798 340
-5.508013210848798 341
-5.508013210848798 342
-5.508013210848798 343
-5.508013210848798 344
-5.508013210848798 345
-5.508013210848798 346
-5.508013210848798 347
-5.508013210848798 348
-5.508013210848798 349
-5.508013210848798 350
-5.508013210848798 351
-5.508013210848798 352
-5.508013210848798 353
-5.508013210848798 354
-5.508013210848798 355
-5.508013210848798 356
-5.508013210848798 357
-5.508013210848798 358
-5.508013210848798 359
-5.508013210848798 360
-5.508013210848798 361
-5.508013210848798 362
-5.508013210848798 363
-5.508013210848798 364
-5.508013210848798 365
-5.508013210848798 366
-5.508013210848798 367
-5.508013210848798 368
-5.508013210848798 369
-5.508013210848798 370
-5.508013210848798 371
-5.508013210848798 372
-5.508013210848798 373
-5.508013210848798 374
-5.508013210848798 375
-5.508013210848798 376
-5.508013210848798 377
-5.508013210848798 378
-5.508013210848798 379
-5.508013210848798 380
-5.508013210848798 381
-5.508013210848798 382
-5.508013210848798 383
-5.508013210848798 384
-5.508013210848798 385
-5.508013210848798 386
-5.508013210848798 387
-5.508013210848798 388
-5.508013210848798 389
-5.508013210848798 390
-5.508013210848798 391
-5.508013210848798 392
-5.508013210848798 393
-5.508013210848798 394
-5.508013260790338 395
-5.508013260790338 396
-5.508013260790338 397
-5.508013260790338 398
-5.508013260790338 399
-5.508013260790338 400
-5.508013260790338 401
-5.508013260790338 402
-5.508013261283404 403
-5.508013261834231 404
-5.508013265215393 405
-5.508013268177054 406
-5.508013269707396 407
-5.508013270169059 408
-5.508013270169059 409
-5.508013270169059 410
-5.508013270169059 411
-5.508013270169059 412
-5.508013270169059 413
-5.508013270169059 414
-5.508013270169059 415
-5.508013270169059 416
-5.508013270169059 417
-5.508013270169059 418
-5.508013270169059 419
-5.508013270169059 420
-5.508013270169059 421
-5.508013270169059 422
-5.508013270169059 423
-5.508013270169059 424
-5.508013270169059 425
-5.508013270169059 426
-5.508013270169059 427
-5.508013270169059 428
-5.508013270169059 429
-5.508013270169059 430
-5.508013270169059 431
-5.508013270169059 432
-5.508013270169059 433
-5.508013270169059 434
-5.508013270169059 435
-5.508013270169059 436
-5.508013270169059 437
-5.508013270169059 438
-5.508013270169059 439
-5.508013270169059 440
-5.508013270169059 441
-5.508013270169059 442
-5.508013270169059 443
-5.508013270169059 444
-5.508013270169059 445
-5.508013270169059 446
-5.508013270169059 447
-5.508013270169059 448
-5.508013270169059 449
-5.508013270169059 450
-5.508013270169059 451
-5.508013270169059 452
-5.508013270169059 453
-5.508013270169059 454
-5.508013270169059 455
-5.508013270169059 456
-5.508013270169059 457
-5.508013270169059 458
-5.508013270169059 459
-5.508013270169059 460
-5.508013270169059 461
-5.508013270169059 462
-5.508013270169059 463
-5.508013270169059 464
-5.508013270169059 465
-5.508013270169059 466
-5.508013270169059 467
-5.508013270169059 468
-5.508013270169059 469
-5.508013270169059 470
-5.508013270169059 471
-5.508013270169059 472
-5.508013270169059 473
-5.508013270169059 474
-5.508013270169059 475
-5.508013270169059 476
-5.508013270169059 477
-5.508013270169059 478
-5.508013270169059 479
-5.508013270169059 480
-5.508013270169059 481
-5.508013270169059 482
-5.508013270169059 483
-5.508013270169059 484
-5.508013270169059 485
-5.508013270169059 486
-5.508013270169059 487
-5.508013270169059 488
-5.508013270169059 489
-5.508013270169059 490
-5.508013270169059 491
-5.508013270169059 492
-5.508013270169059 493
-5.508013270169059 494
-5.508013270169059 495
-5.508013270169059 496
-5.508013270169059 497
-5.508013270169059 498
-5.508013270169059 499
-5.508013270169059 500
-5.508013270169059 501
-5.508013270169059 502
-5.508013270169059 503
-5.508013270169059 504
-5.508013270169059 505
-5.508013270169059 506
-5.508013270169059 507
-5.508013270169059 508
-5.508013270169059 509
-5.508013270169059 510
-5.508013270169059 511
-5.508013270169059 512
-5.508013270169059 513
-5.508013270169059 514
-5.508013270673091 515
-5.508013270866703 516
-5.508013271126758 517
-5.5080132713497125 518
-5.508013271577882 519
-5.508013271577882 520
-5.508013271577882 521
-5.508013271577882 522
-5.508013271577882 523
-5.508013271577882 524
-5.508013271577882 525
-5.508013271577882 526
-5.508013271577882 527
-5.508013271577882 528
-5.508013271577882 529
-5.508013271577882 530
-5.508013271577882 531
-5.508013271577882 532
-5.508013271577882 533
-5.508013271577882 534
-5.508013271577882 535
-5.508013271577882 536
-5.508013271577882 537
-5.508013271577882 538
-5.508013271577882 539
-5.508013271577882 540
-5.508013271577882 541
-5.508013271577882 542
-5.508013271577882 543
-5.508013271577882 544
-5.508013271577882 545
-5.508013271577882 546
-5.508013271577882 547
-5.508013271577882 548
-5.508013271577882 549
-5.508013271577882 550
-5.508013271577882 551
-5.508013271577882 552
-5.508013271577882 553
-5.508013271577882 554
-5.508013271577882 555
-5.508013271577882 556
-5.508013271577882 557
-5.508013271577882 558
-5.508013271577882 559
-5.508013271577882 560
-5.508013271577882 561
-5.508013271577882 562
-5.508013271577882 563
-5.508013271577882 564
-5.508013271577882 565
-5.508013271577882 566
-5.508013271577882 567
-5.508013271577882 568
-5.508013271577882 569
-5.508013271577882 570
-5.508013271577882 571
-5.508013271577882 572
-5.508013271577882 573
-5.508013271577882 574
-5.508013271577882 575
-5.508013271577882 576
-5.508013271577882 577
-5.508013271577882 578
-5.508013271577882 579
-5.508013271577882 580
-5.508013271577882 581
-5.508013271577882 582
-5.508013271577882 583
-5.508013271577882 584
-5.508013271577882 585
-5.508013271577882 586
-5.508013271577882 587
-5.508013271577882 588
-5.508013271577882 589
-5.508013271577882 590
-5.508013271577882 591
-5.508013271577882 592
-5.508013271577882 593
-5.508013271577882 594
-5.508013271577882 595
-5.508013271577882 596
-5.508013271577882 597
-5.508013271577882 598
-5.508013271577882 599
-5.508013271577882 600
-5.508013271577882 601
-5.508013271577882 602
-5.508013271577882 603
-5.508013271577882 604
-5.508013271577882 605
-5.508013271577882 606
-5.508013271577882 607
-5.508013271577882 608
-5.508013271577882 609
-5.508013271577882 610
-5.508013271585849 611
-5.508013271585849 612
-5.508013271585849 613
-5.508013271585849 614
-5.508013271585849 615
-5.508013271585849 616
-5.508013271585849 617
-5.508013271592267 618
-5.508013271592267 619
-5.508013271592267 620
-5.508013271592267 621
-5.508013271592267 622
-5.508013271592267 623
-5.508013271592267 624
-5.508013271592267 625
-5.508013271592267 626
-5.508013271592267 627
-5.508013271592267 628
-5.508013271592267 629
-5.508013271592267 630
-5.508013271592267 631
-5.508013271592267 632
-5.508013271592267 633
-5.508013271592267 634
-5.508013271592267 635
-5.508013271592267 636
-5.508013271592267 637
-5.508013271592267 638
-5.508013271592267 639
-5.508013271594983 640
-5.508013271594983 641
-5.508013271594983 642
-5.508013271594983 643
-5.508013271594983 644
-5.5080132715951 645
-5.5080132715952015 646
-5.508013271595242 647
-5.508013271595242 648
-5.508013271595242 649
-5.508013271595242 650
-5.508013271595242 651
-5.508013271595242 652
-5.508013271595242 653
-5.508013271595242 654
-5.508013271595242 655
-5.508013271595242 656
-5.508013271595242 657
-5.508013271595242 658
-5.508013271595242 659
-5.508013271595242 660
-5.508013271595242 661
-5.508013271595242 662
-5.508013271595242 663
-5.508013271595242 664
-5.508013271595242 665
-5.508013271595242 666
-5.508013271595242 667
-5.508013271595242 668
-5.508013271595242 669
-5.508013271595242 670
-5.508013271595242 671
-5.508013271595242 672
-5.508013271595242 673
-5.508013271595242 674
-5.508013271595242 675
-5.508013271595242 676
-5.508013271595242 677
-5.508013271595242 678
-5.508013271595242 679
-5.508013271595242 680
-5.508013271595242 681
-5.508013271595242 682
-5.508013271595242 683
-5.508013271595242 684
-5.508013271595242 685
-5.508013271595242 686
-5.508013271595242 687
-5.508013271595242 688
-5.508013271595242 689
-5.508013271595242 690
-5.508013271595242 691
-5.508013271595242 692
-5.508013271595242 693
-5.508013271595242 694
-5.508013271595242 695
-5.508013271595242 696
-5.508013271595242 697
-5.508013271595242 698
-5.508013271595242 699
-5.508013271595242 700
-5.508013271595242 701
-5.508013271595242 702
-5.508013271595242 703
-5.508013271595242 704
-5.508013271595242 705
-5.508013271595242 706
-5.508013271595242 707
-5.508013271595242 708
-5.508013271595292 709
-5.508013271595292 710
-5.50801327159531 711
-5.50801327159531 712
-5.50801327159531 713
-5.50801327159531 714
-5.50801327159531 715
-5.50801327159531 716
-5.50801327159531 717
-5.50801327159531 718
-5.50801327159531 719
-5.50801327159531 720
-5.50801327159531 721
-5.50801327159531 722
-5.50801327159531 723
-5.50801327159531 724
-5.50801327159531 725
-5.50801327159531 726
-5.50801327159531 727
-5.50801327159531 728
-5.50801327159531 729
-5.50801327159531 730
-5.50801327159531 731
-5.508013271595311 732
-5.5080132715953125 733
-5.5080132715953125 734
-5.5080132715953125 735
-5.5080132715953125 736
-5.5080132715953125 737
-5.5080132715953125 738
-5.5080132715953125 739
-5.5080132715953125 740
-5.5080132715953125 741
-5.5080132715953125 742
-5.5080132715953125 743
-5.5080132715953125 744
-5.5080132715953125 745
-5.5080132715953125 746
-5.5080132715953125 747
-5.5080132715953125 748
-5.5080132715953125 749
-5.5080132715953125 750
-5.5080132715953125 751
-5.5080132715953125 752
-5.5080132715953125 753
-5.5080132715953125 754
-5.5080132715953125 755
-5.5080132715953125 756
-5.5080132715953125 757
-5.5080132715953125 758
-5.5080132715953125 759
-5.5080132715953125 760
-5.5080132715953125 761
-5.5080132715953125 762
-5.5080132715953125 763
-5.5080132715953125 764
-5.5080132715953125 765
-5.5080132715953125 766
-5.5080132715953125 767
-5.5080132715953125 768
-5.5080132715953125 769
-5.5080132715953125 770
-5.5080132715953125 771
-5.5080132715953125 772
-5.5080132715953125 773
-5.5080132715953125 774
-5.5080132715953125 775
-5.5080132715953125 776
-5.5080132715953125 777
-5.5080132715953125 778
-5.5080132715953125 779
-5.5080132715953125 780
-5.5080132715953125 781
-5.5080132715953125 782
-5.5080132715953125 783
-5.5080132715953125 784
-5.5080132715953125 785
-5.5080132715953125 786
-5.5080132715953125 787
-5.5080132715953125 788
-5.5080132715953125 789
-5.5080132715953125 790
-5.5080132715953125 791
-5.5080132715953125 792
-5.5080132715953125 793
-5.5080132715953125 794
-5.5080132715953125 795
-5.5080132715953125 796
-5.5080132715953125 797
-5.5080132715953125 798
-5.5080132715953125 799
-5.5080132715953125 800
-5.5080132715953125 801
-5.5080132715953125 802
-5.5080132715953125 803
-5.5080132715953125 804
-5.5080132715953125 805
-5.5080132715953125 806
-5.5080132715953125 807
-5.5080132715953125 808
-5.5080132715953125 809
-5.5080132715953125 810
-5.5080132715953125 811
-5.5080132715953125 812
-5.5080132715953125 813
-5.5080132715953125 814
-5.5080132715953125 815
-5.5080132715953125 816
-5.5080132715953125 817
-5.5080132715953125 818
-5.5080132715953125 819
-5.5080132715953125 820
-5.5080132715953125 821
-5.5080132715953125 822
-5.5080132715953125 823
-5.5080132715953125 824
-5.5080132715953125 825
-5.5080132715953125 826
-5.5080132715953125 827
-5.5080132715953125 828
-5.5080132715953125 829
-5.5080132715953125 830
-5.5080132715953125 831
-5.5080132715953125 832
-5.5080132715953125 833
-5.5080132715953125 834
-5.5080132715953125 835
-5.5080132715953125 836
-5.5080132715953125 837
-5.5080132715953125 838
-5.5080132715953125 839
-5.5080132715953125 840
-5.5080132715953125 841
-5.5080132715953125 842
-5.5080132715953125 843
-5.5080132715953125 844
-5.5080132715953125 845
-5.5080132715953125 846
-5.5080132715953125 847
-5.5080132715953125 848
-5.5080132715953125 849
-5.5080132715953125 850
-5.5080132715953125 851
-5.5080132715953125 852
-5.5080132715953125 853
-5.5080132715953125 854
-5.5080132715953125 855
-5.5080132715953125 856
-5.5080132715953125 857
-5.5080132715953125 858
-5.5080132715953125 859
-5.5080132715953125 860
-5.5080132715953125 861
-5.5080132715953125 862
-5.5080132715953125 863
-5.5080132715953125 864
-5.5080132715953125 865
-5.5080132715953125 866
-5.5080132715953125 867
-5.5080132715953125 868
-5.5080132715953125 869
-5.5080132715953125 870
-5.5080132715953125 871
-5.5080132715953125 872
-5.5080132715953125 873
-5.5080132715953125 874
-5.5080132715953125 875
-5.5080132715953125 876
-5.5080132715953125 877
-5.5080132715953125 878
-5.5080132715953125 879
-5.5080132715953125 880
-5.5080132715953125 881
-5.5080132715953125 882
-5.5080132715953125 883
-5.5080132715953125 884
-5.5080132715953125 885
-5.5080132715953125 886
-5.5080132715953125 887
-5.5080132715953125 888
-5.5080132715953125 889
-5.5080132715953125 890
-5.5080132715953125 891
-5.5080132715953125 892
-5.5080132715953125 893
-5.5080132715953125 894
-5.5080132715953125 895
-5.5080132715953125 896
-5.5080132715953125 897
-5.5080132715953125 898
-5.5080132715953125 899
-5.5080132715953125 900
-5.5080132715953125 901
-5.5080132715953125 902
-5.5080132715953125 903
-5.5080132715953125 904
-5.5080132715953125 905
-5.5080132715953125 906
-5.5080132715953125 907
-5.5080132715953125 908
-5.5080132715953125 909
-5.5080132715953125 910
-5.5080132715953125 911
-5.5080132715953125 912
-5.5080132715953125 913
-5.5080132715953125 914
-5.5080132715953125 915
-5.5080132715953125 916
-5.5080132715953125 917
-5.5080132715953125 918
-5.5080132715953125 919
-5.5080132715953125 920
-5.5080132715953125 921
-5.5080132715953125 922
-5.5080132715953125 923
-5.5080132715953125 924
-5.5080132715953125 925
-5.5080132715953125 926
-5.5080132715953125 927
-5.5080132715953125 928
-5.5080132715953125 929
-5.5080132715953125 930
-5.5080132715953125 931
-5.5080132715953125 932
-5.5080132715953125 933
-5.5080132715953125 934
-5.5080132715953125 935
-5.5080132715953125 936
-5.5080132715953125 937
-5.5080132715953125 938
-5.5080132715953125 939
-5.5080132715953125 940
-5.5080132715953125 941
-5.5080132715953125 942
-5.5080132715953125 943
-5.5080132715953125 944
-5.5080132715953125 945
-5.5080132715953125 946
-5.5080132715953125 947
-5.5080132715953125 948
-5.5080132715953125 949
-5.5080132715953125 950
-5.5080132715953125 951
-5.5080132715953125 952
-5.5080132715953125 953
-5.5080132715953125 954
-5.5080132715953125 955
-5.5080132715953125 956
-5.5080132715953125 957
-5.5080132715953125 958
-5.5080132715953125 959
-5.5080132715953125 960
-5.5080132715953125 961
-5.5080132715953125 962
-5.5080132715953125 963
-5.5080132715953125 964
-5.5080132715953125 965
-5.5080132715953125 966
-5.5080132715953125 967
-5.5080132715953125 968
-5.5080132715953125 969
-5.5080132715953125 970
-5.5080132715953125 971
-5.5080132715953125 972
-5.5080132715953125 973
-5.5080132715953125 974
-5.5080132715953125 975
-5.5080132715953125 976
-5.5080132715953125 977
-5.5080132715953125 978
-5.5080132715953125 979
-5.5080132715953125 980
-5.5080132715953125 981
-5.5080132715953125 982
-5.5080132715953125 983
-5.5080132715953125 984
-5.5080132715953125 985
-5.5080132715953125 986
-5.5080132715953125 987
-5.5080132715953125 988
-5.5080132715953125 989
-5.5080132715953125 990
-5.5080132715953125 991
-5.5080132715953125 992
-5.5080132715953125 993
-5.5080132715953125 994
-5.5080132715953125 995
-5.5080132715953125 996
-5.5080132715953125 997
-5.5080132715953125 998
-5.5080132715953125 999
-5.5080132715953125 1000
-5.5080132715953125 1001
-5.5080132715953125 1002
-5.5080132715953125 1003
-5.5080132715953125 1004
-5.5080132715953125 1005
-5.5080132715953125 1006
-5.5080132715953125 1007
-5.5080132715953125 1008
-5.5080132715953125 1009
-5.5080132715953125 1010
-5.5080132715953125 1011
-5.5080132715953125 1012
-5.5080132715953125 1013
-5.5080132715953125 1014
-5.5080132715953125 1015
-5.5080132715953125 1016
-5.5080132715953125 1017
-5.5080132715953125 1018
-5.5080132715953125 1019
-5.5080132715953125 1020
-5.5080132715953125 1021
-5.5080132715953125 1022
-5.5080132715953125 1023
-5.5080132715953125 1024
-5.5080132715953125 1025
-5.5080132715953125 1026
-5.5080132715953125 1027
-5.5080132715953125 1028
-5.5080132715953125 1029
-5.5080132715953125 1030
-5.5080132715953125 1031
-5.5080132715953125 1032
-5.5080132715953125 1033
-5.5080132715953125 1034
-5.5080132715953125 1035
-5.5080132715953125 1036
-5.5080132715953125 1037
-5.5080132715953125 1038
-5.5080132715953125 1039
-5.5080132715953125 1040
-5.5080132715953125 1041
-5.5080132715953125 1042
-5.5080132715953125 1043
-5.5080132715953125 1044
-5.5080132715953125 1045
-5.5080132715953125 1046
-5.5080132715953125 1047
-5.5080132715953125 1048
-5.5080132715953125 1049
-5.5080132715953125 1050
-5.5080132715953125 1051
-5.5080132715953125 1052
-5.5080132715953125 1053
-5.5080132715953125 1054
-5.5080132715953125 1055
-5.5080132715953125 1056
-5.5080132715953125 1057
-5.5080132715953125 1058
-5.5080132715953125 1059
-5.5080132715953125 1060
-5.5080132715953125 1061
-5.5080132715953125 1062
-5.5080132715953125 1063
-5.5080132715953125 1064
-5.5080132715953125 1065
-5.5080132715953125 1066
-5.5080132715953125 1067
-5.5080132715953125 1068
-5.5080132715953125 1069
-5.5080132715953125 1070
-5.5080132715953125 1071
-5.5080132715953125 1072
-5.5080132715953125 1073
-5.5080132715953125 1074
-5.5080132715953125 1075
-5.5080132715953125 1076
-5.5080132715953125 1077
-5.5080132715953125 1078
-5.5080132715953125 1079
-5.5080132715953125 1080
-5.5080132715953125 1081
-5.5080132715953125 1082
-5.5080132715953125 1083
-5.5080132715953125 1084
-5.5080132715953125 1085
-5.5080132715953125 1086
-5.5080132715953125 1087
-5.5080132715953125 1088
-5.5080132715953125 1089
-5.5080132715953125 1090
-5.5080132715953125 1091
-5.5080132715953125 1092
-5.5080132715953125 1093
-5.5080132715953125 1094
-5.5080132715953125 1095
-5.5080132715953125 1096
-5.5080132715953125 1097
-5.5080132715953125 1098
-5.5080132715953125 1099
-5.5080132715953125 1100
-5.5080132715953125 1101
-5.5080132715953125 1102
-5.5080132715953125 1103
-5.5080132715953125 1104
-5.5080132715953125 1105
-5.5080132715953125 1106
-5.5080132715953125 1107
-5.5080132715953125 1108
-5.5080132715953125 1109
-5.5080132715953125 1110
-5.5080132715953125 1111
-5.5080132715953125 1112
-5.5080132715953125 1113
-5.5080132715953125 1114
-5.5080132715953125 1115
-5.5080132715953125 1116
-5.5080132715953125 1117
-5.5080132715953125 1118
-5.5080132715953125 1119
-5.5080132715953125 1120
-5.5080132715953125 1121
-5.5080132715953125 1122
-5.5080132715953125 1123
-5.5080132715953125 1124
-5.5080132715953125 1125
-5.5080132715953125 1126
-5.5080132715953125 1127
-5.5080132715953125 1128
-5.5080132715953125 1129
-5.5080132715953125 1130
-5.5080132715953125 1131
-5.5080132715953125 1132
-5.5080132715953125 1133
-5.5080132715953125 1134
-5.5080132715953125 1135
-5.5080132715953125 1136
-5.5080132715953125 1137
-5.5080132715953125 1138
-5.5080132715953125 1139
-5.5080132715953125 1140
-5.5080132715953125 1141
-5.5080132715953125 1142
-5.5080132715953125 1143
-5.5080132715953125 1144
-5.5080132715953125 1145
-5.5080132715953125 1146
-5.5080132715953125 1147
-5.5080132715953125 1148
-5.5080132715953125 1149
-5.5080132715953125 1150
-5.5080132715953125 1151
-5.5080132715953125 1152
-5.5080132715953125 1153
-5.5080132715953125 1154
-5.5080132715953125 1155
-5.5080132715953125 1156
-5.5080132715953125 1157
-5.5080132715953125 1158
-5.5080132715953125 1159
-5.5080132715953125 1160
-5.5080132715953125 1161
-5.5080132715953125 1162
-5.5080132715953125 1163
-5.5080132715953125 1164
-5.5080132715953125 1165
-5.5080132715953125 1166
-5.5080132715953125 1167
-5.5080132715953125 1168
-5.5080132715953125 1169
-5.5080132715953125 1170
-5.5080132715953125 1171
-5.5080132715953125 1172
-5.5080132715953125 1173
-5.5080132715953125 1174
-5.5080132715953125 1175
-5.5080132715953125 1176
-5.5080132715953125 1177
-5.5080132715953125 1178
-5.5080132715953125 1179
-5.5080132715953125 1180
-5.5080132715953125 1181
-5.5080132715953125 1182
-5.5080132715953125 1183
-5.5080132715953125 1184
-5.5080132715953125 1185
-5.5080132715953125 1186
-5.5080132715953125 1187
-5.5080132715953125 1188
-5.5080132715953125 1189
-5.5080132715953125 1190
-5.5080132715953125 1191
-5.5080132715953125 1192
-5.5080132715953125 1193
-5.5080132715953125 1194
-5.5080132715953125 1195
-5.5080132715953125 1196
-5.5080132715953125 1197
-5.5080132715953125 1198
-5.5080132715953125 1199
-5.5080132715953125 1200
-5.5080132715953125 1201
-5.5080132715953125 1202
-5.5080132715953125 1203
-5.5080132715953125 1204
-5.5080132715953125 1205
-5.5080132715953125 1206
-5.5080132715953125 1207
-5.5080132715953125 1208
-5.5080132715953125 1209
-5.5080132715953125 1210
-5.5080132715953125 1211
-5.5080132715953125 1212
-5.5080132715953125 1213
-5.5080132715953125 1214
-5.5080132715953125 1215
-5.5080132715953125 1216
-5.5080132715953125 1217
-5.5080132715953125 1218
-5.5080132715953125 1219
-5.5080132715953125 1220
-5.5080132715953125 1221
-5.5080132715953125 1222
-5.5080132715953125 1223
-5.5080132715953125 1224
-5.5080132715953125 1225
-5.5080132715953125 1226
-5.5080132715953125 1227
-5.5080132715953125 1228
-5.5080132715953125 1229
-5.5080132715953125 1230
-5.5080132715953125 1231
-5.5080132715953125 1232
-5.5080132715953125 1233
-5.5080132715953125 1234
-5.5080132715953125 1235
-5.5080132715953125 1236
-5.5080132715953125 1237
-5.5080132715953125 1238
-5.5080132715953125 1239
-5.5080132715953125 1240
-5.5080132715953125 1241
-5.5080132715953125 1242
-5.5080132715953125 1243
-5.5080132715953125 1244
-5.5080132715953125 1245
-5.5080132715953125 1246
-5.5080132715953125 1247
-5.5080132715953125 1248
-5.5080132715953125 1249
-5.5080132715953125 1250
-5.5080132715953125 1251
-5.5080132715953125 1252
-5.5080132715953125 1253
-5.5080132715953125 1254
-5.5080132715953125 1255
-5.5080132715953125 1256
-5.5080132715953125 1257
-5.5080132715953125 1258
-5.5080132715953125 1259
-5.5080132715953125 1260
-5.5080132715953125 1261
-5.5080132715953125 1262
-5.5080132715953125 1263
-5.5080132715953125 1264
-5.5080132715953125 1265
-5.5080132715953125 1266
-5.5080132715953125 1267
-5.5080132715953125 1268
-5.5080132715953125 1269
-5.5080132715953125 1270
-5.5080132715953125 1271
-5.5080132715953125 1272
-5.5080132715953125 1273
-5.5080132715953125 1274
-5.5080132715953125 1275
-5.5080132715953125 1276
-5.5080132715953125 1277
-5.5080132715953125 1278
-5.5080132715953125 1279
-5.5080132715953125 1280
-5.5080132715953125 1281
-5.5080132715953125 1282
-5.5080132715953125 1283
-5.5080132715953125 1284
-5.5080132715953125 1285
-5.5080132715953125 1286
-5.5080132715953125 1287
-5.5080132715953125 1288
-5.5080132715953125 1289
-5.5080132715953125 1290
-5.5080132715953125 1291
-5.5080132715953125 1292
-5.5080132715953125 1293
-5.5080132715953125 1294
-5.5080132715953125 1295
-5.5080132715953125 1296
-5.5080132715953125 1297
-5.5080132715953125 1298
-5.5080132715953125 1299
-5.5080132715953125 1300
-5.5080132715953125 1301
-5.5080132715953125 1302
-5.5080132715953125 1303
-5.5080132715953125 1304
-5.5080132715953125 1305
-5.5080132715953125 1306
-5.5080132715953125 1307
-5.5080132715953125 1308
-5.5080132715953125 1309
-5.5080132715953125 1310
-5.5080132715953125 1311
-5.5080132715953125 1312
-5.5080132715953125 1313
-5.5080132715953125 1314
-5.5080132715953125 1315
-5.5080132715953125 1316
-5.5080132715953125 1317
-5.5080132715953125 1318
-5.5080132715953125 1319
-5.5080132715953125 1320
-5.5080132715953125 1321
-5.5080132715953125 1322
-5.5080132715953125 1323
-5.5080132715953125 1324
-5.5080132715953125 1325
-5.5080132715953125 1326
-5.5080132715953125 1327
-5.5080132715953125 1328
-5.5080132715953125 1329
-5.5080132715953125 1330
-5.5080132715953125 1331
-5.5080132715953125 1332
-5.5080132715953125 1333
-5.5080132715953125 1334
-5.5080132715953125 1335
-5.5080132715953125 1336
-5.5080132715953125 1337
-5.5080132715953125 1338
-5.5080132715953125 1339
-5.5080132715953125 1340
-5.5080132715953125 1341
-5.5080132715953125 1342
-5.5080132715953125 1343
-5.5080132715953125 1344
-5.5080132715953125 1345
-5.5080132715953125 1346
-5.5080132715953125 1347
-5.5080132715953125 1348
-5.5080132715953125 1349
-5.5080132715953125 1350
-5.5080132715953125 1351
-5.5080132715953125 1352
-5.5080132715953125 1353
-5.5080132715953125 1354
-5.5080132715953125 1355
-5.5080132715953125 1356
-5.5080132715953125 1357
-5.5080132715953125 1358
-5.5080132715953125 1359
-5.5080132715953125 1360
-5.5080132715953125 1361
-5.5080132715953125 1362
-5.5080132715953125 1363
-5.5080132715953125 1364
-5.5080132715953125 1365
-5.5080132715953125 1366
-5.5080132715953125 1367
-5.5080132715953125 1368
-5.5080132715953125 1369
-5.5080132715953125 1370
-5.5080132715953125 1371
-5.5080132715953125 1372
-5.5080132715953125 1373
-5.5080132715953125 1374
-5.5080132715953125 1375
-5.5080132715953125 1376
-5.5080132715953125 1377
-5.5080132715953125 1378
-5.5080132715953125 1379
-5.5080132715953125 1380
-5.5080132715953125 1381
-5.5080132715953125 1382
-5.5080132715953125 1383
-5.5080132715953125 1384
-5.5080132715953125 1385
-5.5080132715953125 1386
-5.5080132715953125 1387
-5.5080132715953125 1388
-5.5080132715953125 1389
-5.5080132715953125 1390
-5.5080132715953125 1391
-5.5080132715953125 1392
-5.5080132715953125 1393
-5.5080132715953125 1394
-5.5080132715953125 1395
-5.5080132715953125 1396
-5.5080132715953125 1397
-5.5080132715953125 1398
-5.5080132715953125 1399
-5.5080132715953125 1400
-5.5080132715953125 1401
-5.5080132715953125 1402
-5.5080132715953125 1403
-5.5080132715953125 1404
-5.5080132715953125 1405
-5.5080132715953125 1406
-5.5080132715953125 1407
-5.5080132715953125 1408
-5.5080132715953125 1409
-5.5080132715953125 1410
-5.5080132715953125 1411
-5.5080132715953125 1412
-5.5080132715953125 1413
-5.5080132715953125 1414
-5.5080132715953125 1415
-5.5080132715953125 1416
-5.5080132715953125 1417
-5.5080132715953125 1418
-5.5080132715953125 1419
-5.5080132715953125 1420
-5.5080132715953125 1421
-5.5080132715953125 1422
-5.5080132715953125 1423
-5.5080132715953125 1424
-5.5080132715953125 1425
-5.5080132715953125 1426
-5.5080132715953125 1427
-5.5080132715953125 1428
-5.5080132715953125 1429
-5.5080132715953125 1430
-5.5080132715953125 1431
-5.5080132715953125 1432
-5.5080132715953125 1433
-5.5080132715953125 1434
-5.5080132715953125 1435
-5.5080132715953125 1436
-5.5080132715953125 1437
-5.5080132715953125 1438
-5.5080132715953125 1439
-5.5080132715953125 1440
-5.5080132715953125 1441
-5.5080132715953125 1442
-5.5080132715953125 1443
-5.5080132715953125 1444
-5.5080132715953125 1445
-5.5080132715953125 1446
-5.5080132715953125 1447
-5.5080132715953125 1448
-5.5080132715953125 1449
-5.5080132715953125 1450
-5.5080132715953125 1451
-5.5080132715953125 1452
-5.5080132715953125 1453
-5.5080132715953125 1454
-5.5080132715953125 1455
-5.5080132715953125 1456
-5.5080132715953125 1457
-5.5080132715953125 1458
-5.5080132715953125 1459
-5.5080132715953125 1460
-5.5080132715953125 1461
-5.5080132715953125 1462
-5.5080132715953125 1463
-5.5080132715953125 1464
-5.5080132715953125 1465
-5.5080132715953125 1466
-5.5080132715953125 1467
-5.5080132715953125 1468
-5.5080132715953125 1469
-5.5080132715953125 1470
-5.5080132715953125 1471
-5.5080132715953125 1472
-5.5080132715953125 1473
-5.5080132715953125 1474
-5.5080132715953125 1475
-5.5080132715953125 1476
-5.5080132715953125 1477
-5.5080132715953125 1478
-5.5080132715953125 1479
-5.5080132715953125 1480
-5.5080132715953125 1481
-5.5080132715953125 1482
-5.5080132715953125 1483
-5.5080132715953125 1484
-5.5080132715953125 1485
-5.5080132715953125 1486
-5.5080132715953125 1487
-5.5080132715953125 1488
-5.5080132715953125 1489
-5.5080132715953125 1490
-5.5080132715953125 1491
-5.5080132715953125 1492
-5.5080132715953125 1493
-5.5080132715953125 1494
-5.5080132715953125 1495
-5.5080132715953125 1496
-5.5080132715953125 1497
-5.5080132715953125 1498
-5.5080132715953125 1499
-5.5080132715953125 1500
-5.5080132715953125 1501
-5.5080132715953125 1502
-5.5080132715953125 1503
-5.5080132715953125 1504
-5.5080132715953125 1505
-5.5080132715953125 1506
-5.5080132715953125 1507
-5.5080132715953125 1508
-5.5080132715953125 1509
-5.5080132715953125 1510
-5.5080132715953125 1511
-5.5080132715953125 1512
-5.5080132715953125 1513
-5.5080132715953125 1514
-5.5080132715953125 1515
-5.5080132715953125 1516
-5.5080132715953125 1517
-5.5080132715953125 1518
-5.5080132715953125 1519
-5.5080132715953125 1520
-5.5080132715953125 1521
-5.5080132715953125 1522
-5.5080132715953125 1523
-5.5080132715953125 1524
-5.5080132715953125 1525
-5.5080132715953125 1526
-5.5080132715953125 1527
-5.5080132715953125 1528
-5.5080132715953125 1529
-5.5080132715953125 1530
-5.5080132715953125 1531
-5.5080132715953125 1532
-5.5080132715953125 1533
-5.5080132715953125 1534
-5.5080132715953125 1535
-5.5080132715953125 1536
-5.5080132715953125 1537
-5.5080132715953125 1538
-5.5080132715953125 1539
-5.5080132715953125 1540
-5.5080132715953125 1541
-5.5080132715953125 1542
-5.5080132715953125 1543
-5.5080132715953125 1544
-5.5080132715953125 1545
-5.5080132715953125 1546
-5.5080132715953125 1547
-5.5080132715953125 1548
-5.5080132715953125 1549
-5.5080132715953125 1550
-5.5080132715953125 1551
-5.5080132715953125 1552
-5.5080132715953125 1553
-5.5080132715953125 1554
-5.5080132715953125 1555
-5.5080132715953125 1556
-5.5080132715953125 1557
-5.5080132715953125 1558
-5.5080132715953125 1559
-5.5080132715953125 1560
-5.5080132715953125 1561
-5.5080132715953125 1562
-5.5080132715953125 1563
-5.5080132715953125 1564
-5.5080132715953125 1565
-5.5080132715953125 1566
-5.5080132715953125 1567
-5.5080132715953125 1568
-5.5080132715953125 1569
-5.5080132715953125 1570
-5.5080132715953125 1571
-5.5080132715953125 1572
-5.5080132715953125 1573
-5.5080132715953125 1574
-5.5080132715953125 1575
-5.5080132715953125 1576
-5.5080132715953125 1577
-5.5080132715953125 1578
-5.5080132715953125 1579
-5.5080132715953125 1580
-5.5080132715953125 1581
-5.5080132715953125 1582
-5.5080132715953125 1583
-5.5080132715953125 1584
-5.5080132715953125 1585
-5.5080132715953125 1586
-5.5080132715953125 1587
-5.5080132715953125 1588
-5.5080132715953125 1589
-5.5080132715953125 1590
-5.5080132715953125 1591
-5.5080132715953125 1592
-5.5080132715953125 1593
-5.5080132715953125 1594
-5.5080132715953125 1595
-5.5080132715953125 1596
-5.5080132715953125 1597
-5.5080132715953125 1598
-5.5080132715953125 1599
-5.5080132715953125 1600
-5.5080132715953125 1601
-5.5080132715953125 1602
-5.5080132715953125 1603
-5.5080132715953125 1604
-5.5080132715953125 1605
-5.5080132715953125 1606
-5.5080132715953125 1607
-5.5080132715953125 1608
-5.5080132715953125 1609
-5.5080132715953125 1610
-5.5080132715953125 1611
-5.5080132715953125 1612
-5.5080132715953125 1613
-5.5080132715953125 1614
-5.5080132715953125 1615
-5.5080132715953125 1616
-5.5080132715953125 1617
-5.5080132715953125 1618
-5.5080132715953125 1619
-5.5080132715953125 1620
-5.5080132715953125 1621
-5.5080132715953125 1622
-5.5080132715953125 1623
-5.5080132715953125 1624
-5.5080132715953125 1625
-5.5080132715953125 1626
-5.5080132715953125 1627
-5.5080132715953125 1628
-5.5080132715953125 1629
-5.5080132715953125 1630
-5.5080132715953125 1631
-5.5080132715953125 1632
-5.5080132715953125 1633
-5.5080132715953125 1634
-5.5080132715953125 1635
-5.5080132715953125 1636
-5.5080132715953125 1637
-5.5080132715953125 1638
-5.5080132715953125 1639
-5.5080132715953125 1640
-5.5080132715953125 1641
-5.5080132715953125 1642
-5.5080132715953125 1643
-5.5080132715953125 1644
-5.5080132715953125 1645
-5.5080132715953125 1646
-5.5080132715953125 1647
-5.5080132715953125 1648
-5.5080132715953125 1649
-5.5080132715953125 1650
-5.5080132715953125 1651
-5.5080132715953125 1652
-5.5080132715953125 1653
-5.5080132715953125 1654
-5.5080132715953125 1655
-5.5080132715953125 1656
-5.5080132715953125 1657
-5.5080132715953125 1658
-5.5080132715953125 1659
-5.5080132715953125 1660
-5.5080132715953125 1661
-5.5080132715953125 1662
-5.5080132715953125 1663
-5.5080132715953125 1664
-5.5080132715953125 1665
-5.5080132715953125 1666
-5.5080132715953125 1667
-5.5080132715953125 1668
-5.5080132715953125 1669
-5.5080132715953125 1670
-5.5080132715953125 1671
-5.5080132715953125 1672
-5.5080132715953125 1673
-5.5080132715953125 1674
-5.5080132715953125 1675
-5.5080132715953125 1676
-5.5080132715953125 1677
-5.5080132715953125 1678
-5.5080132715953125 1679
-5.5080132715953125 1680
-5.5080132715953125 1681
-5.5080132715953125 1682
-5.5080132715953125 1683
-5.5080132715953125 1684
-5.5080132715953125 1685
-5.5080132715953125 1686
-5.5080132715953125 1687
-5.5080132715953125 1688
-5.5080132715953125 1689
-5.5080132715953125 1690
-5.5080132715953125 1691
-5.5080132715953125 1692
-5.5080132715953125 1693
-5.5080132715953125 1694
-5.5080132715953125 1695
-5.5080132715953125 1696
-5.5080132715953125 1697
-5.5080132715953125 1698
-5.5080132715953125 1699
-5.5080132715953125 1700
-5.5080132715953125 1701
-5.5080132715953125 1702
-5.5080132715953125 1703
-5.5080132715953125 1704
-5.5080132715953125 1705
-5.5080132715953125 1706
-5.5080132715953125 1707
-5.5080132715953125 1708
-5.5080132715953125 1709
-5.5080132715953125 1710
-5.5080132715953125 1711
-5.5080132715953125 1712
-5.5080132715953125 1713
-5.5080132715953125 1714
-5.5080132715953125 1715
-5.5080132715953125 1716
-5.5080132715953125 1717
-5.5080132715953125 1718
-5.5080132715953125 1719
-5.5080132715953125 1720
-5.5080132715953125 1721
-5.5080132715953125 1722
-5.5080132715953125 1723
-5.5080132715953125 1724
-5.5080132715953125 1725
-5.5080132715953125 1726
-5.5080132715953125 1727
-5.5080132715953125 1728
-5.5080132715953125 1729
-5.5080132715953125 1730
-5.5080132715953125 1731
-5.5080132715953125 1732
-5.5080132715953125 1733
-5.5080132715953125 1734
-5.5080132715953125 1735
-5.5080132715953125 1736
-5.5080132715953125 1737
-5.5080132715953125 1738
-5.5080132715953125 1739
-5.5080132715953125 1740
-5.5080132715953125 1741
-5.5080132715953125 1742
-5.5080132715953125 1743
-5.5080132715953125 1744
-5.5080132715953125 1745
-5.5080132715953125 1746
-5.5080132715953125 1747
-5.5080132715953125 1748
-5.5080132715953125 1749
-5.5080132715953125 1750
-5.5080132715953125 1751
-5.5080132715953125 1752
-5.5080132715953125 1753
-5.5080132715953125 1754
-5.5080132715953125 1755
-5.5080132715953125 1756
-5.5080132715953125 1757
-5.5080132715953125 1758
-5.5080132715953125 1759
-5.5080132715953125 1760
-5.5080132715953125 1761
-5.5080132715953125 1762
-5.5080132715953125 1763
-5.5080132715953125 1764
-5.5080132715953125 1765
-5.5080132715953125 1766
-5.5080132715953125 1767
-5.5080132715953125 1768
-5.5080132715953125 1769
-5.5080132715953125 1770
-5.5080132715953125 1771
-5.5080132715953125 1772
-5.5080132715953125 1773
-5.5080132715953125 1774
-5.5080132715953125 1775
-5.5080132715953125 1776
-5.5080132715953125 1777
-5.5080132715953125 1778
-5.5080132715953125 1779
-5.5080132715953125 1780
-5.5080132715953125 1781
-5.5080132715953125 1782
-5.5080132715953125 1783
-5.5080132715953125 1784
-5.5080132715953125 1785
