-29586.59554338976 0
-29622.588888138227 1
-30128.0157805875 2
-30172.959940261186 3
-30172.959940261186 4
-30172.959940261186 5
-30172.959940261186 6
-30172.959940261186 7
-30172.959940261186 8
-30240.269433667956 9
-30240.269433667956 10
-30289.669061046952 11
-30289.669061046952 12
-30317.790299561686 13
-30436.944408432515 14
-30436.944408432515 15
-30436.944408432515 16
-30447.069565367638 17
-30469.97065258716 18
-30508.474028070483 19
-30508.474028070483 20
-30508.474028070483 21
-30508.474028070483 22
-30508.474028070483 23
-30508.474028070483 24
-30508.474028070483 25
-30508.474028070483 26
-30508.474028070483 27
-30508.474028070483 28
-30508.474028070483 29
-30508.474028070483 30
-30526.263831050084 31
-30526.263831050084 32
-30545.62861007802 33
-30545.62861007802 34
-30545.62861007802 35
-30545.62861007802 36
-30545.62861007802 37
-30560.786377149583 38
-30579.395215063567 39
-30582.691496628788 40
-30612.19451388521 41
-30626.10151209678 42
-30626.10151209678 43
-30626.10151209678 44
-30626.10151209678 45
-30626.10151209678 46
-30626.10151209678 47
-30626.10151209678 48
-30626.10151209678 49
-30626.10151209678 50
-30626.10151209678 51
-30626.10151209678 52
-30626.10151209678 53
-30626.10151209678 54
-30626.937051626664 55
-30632.512657022417 56
-30632.512657022417 57
-30632.512657022417 58
-30632.512657022417 59
-30635.051164043623 60
-30635.051164043623 61
-30635.051164043623 62
-30635.051164043623 63
-30635.051164043623 64
-30635.051164043623 65
-30635.051164043623 66
-30635.051164043623 67
-30639.47369642672 68
-30639.47369642672 69
-30639.533926608143 70
-30645.436919950313 71
-30645.436919950313 72
-30655.735498572074 73
-30655.735498572074 74
-30655.735498572074 75
-30655.735498572074 76
-30656.801496902975 77
-30656.801496902975 78
-30656.801496902975 79
-30657.838030823354 80
-30658.50128422317 81
-30658.50128422317 82
-30658.50128422317 83
-30658.50128422317 84
-30658.80421052985 85
-30658.80421052985 86
-30660.72181201532 87
-30660.72181201532 88
-30661.5463886718 89
-30661.5463886718 90
-30661.5463886718 91
-30662.507322496444 92
-30662.507322496444 93
-30663.216556422718 94
-30663.679942078255 95
-30663.679942078255 96
-30663.91720084331 97
-30663.91720084331 98
-30663.98080630357 99
-30664.110989528876 100
-30664.110989528876 101
-30664.110989528876 102
-30664.110989528876 103
-30664.110989528876 104
-30664.534774593205 105
-30664.534774593205 106
-30664.534774593205 107
-30664.534774593205 108
-30664.77791081114 109
-30664.77791081114 110
-30664.77791081114 111
-30664.77791081114 112
-30664.77791081114 113
-30664.77791081114 114
-30664.77791081114 115
-30664.77791081114 116
-30664.77791081114 117
-30664.925236031944 118
-30665.068665776373 119
-30665.068665776373 120
-30665.068665776373 121
-30665.068665776373 122
-30665.11686279646 123
-30665.15861702334 124
-30665.230947851793 125
-30665.24002727101 126
-30665.28906067962 127
-30665.28906067962 128
-30665.28906067962 129
-30665.28906067962 130
-30665.28906067962 131
-30665.289996780397 132
-30665.289996780397 133
-30665.311894998747 134
-30665.311894998747 135
-30665.311894998747 136
-30665.311894998747 137
-30665.311894998747 138
-30665.311894998747 139
-30665.311894998747 140
-30665.311894998747 141
-30665.311894998747 142
-30665.35596549114 143
-30665.36545845575 144
-30665.36545845575 145
-30665.406558007147 146
-30665.406558007147 147
-30665.44576367176 148
-30665.44576367176 149
-30665.471932876055 150
-30665.471932876055 151
-30665.471932876055 152
-30665.471932876055 153
-30665.471932876055 154
-30665.471932876055 155
-30665.471932876055 156
-30665.471932876055 157
-30665.471932876055 158
-30665.490793221223 159
-30665.490793221223 160
-30665.49555106152 161
-30665.509161015732 162
-30665.511618740093 163
-30665.511618740093 164
-30665.511618740093 165
-30665.511618740093 166
-30665.511618740093 167
-30665.511618740093 168
-30665.5124874288 169
-30665.515041136867 170
-30665.518382849266 171
-30665.518382849266 172
-30665.52096755009 173
-30665.52096755009 174
-30665.52096755009 175
-30665.52096755009 176
-30665.526981387615 177
-30665.526981387615 178
-30665.53045052938 179
-30665.53045052938 180
-30665.53045052938 181
-30665.53077793195 182
-30665.53222330713 183
-30665.53222330713 184
-30665.53443728137 185
-30665.53621629838 186
-30665.53621629838 187
-30665.536791614177 188
-30665.536791614177 189
-30665.536791614177 190
-30665.536791614177 191
-30665.536791614177 192
-30665.536791614177 193
-30665.536791614177 194
-30665.536791614177 195
-30665.536791614177 196
-30665.536791614177 197
-30665.536791614177 198
-30665.537318532926 199
-30665.53737017259 200
-30665.53737017259 201
-30665.53750498397 202
-30665.53750498397 203
-30665.537621902382 204
-30665.537621902382 205
-30665.537621902382 206
-30665.53796691107 207
-30665.53796691107 208
-30665.53796691107 209
-30665.53796691107 210
-30665.53796691107 211
-30665.538065962734 212
-30665.53812979549 213
-30665.5381961033 214
-30665.538230978847 215
-30665.538258854584 216
-30665.5383436106 217
-30665.5383436106 218
-30665.538471136344 219
-30665.538471136344 220
-30665.538471136344 221
-30665.538471136344 222
-30665.538471136344 223
-30665.538471136344 224
-30665.538481022868 225
-30665.538481022868 226
-30665.538481022868 227
-30665.538481022868 228
-30665.538491545154 229
-30665.53854067588 230
-30665.538578612683 231
-30665.538578612683 232
-30665.538578612683 233
-30665.538578612683 234
-30665.538578612683 235
-30665.538578612683 236
-30665.538578612683 237
-30665.538578612683 238
-30665.538578612683 239
-30665.538592511322 240
-30665.538592511322 241
-30665.538592511322 242
-30665.538592511322 243
-30665.538598237938 244
-30665.53862475495 245
-30665.53862475495 246
-30665.53862475495 247
-30665.53862475495 248
-30665.5386427798 249
-30665.5386427798 250
-30665.5386427798 251
-30665.5386427798 252
-30665.5386427798 253
-30665.5386427798 254
-30665.5386427798 255
-30665.5386427798 256
-30665.5386427798 257
-30665.538651579416 258
-30665.538651579416 259
-30665.538651579416 260
-30665.538651579416 261
-30665.538652302654 262
-30665.538659995014 263
-30665.538659995014 264
-30665.538659995014 265
-30665.538659995014 266
-30665.538659995014 267
-30665.538659995014 268
-30665.538664418367 269
-30665.538664418367 270
-30665.538664418367 271
-30665.538664418367 272
-30665.538664418367 273
-30665.538664759108 274
-30665.53866635813 275
-30665.53866635813 276
-30665.538667211033 277
-30665.53866865285 278
-30665.53866865285 279
-30665.53866865285 280
-30665.53866865285 281
-30665.53866865285 282
-30665.53866865285 283
-30665.53866865285 284
-30665.538668785353 285
-30665.538668785353 286
-30665.538668785353 287
-30665.538668785353 288
-30665.538668785353 289
-30665.538669078414 290
-30665.538669198024 291
-30665.538669198024 292
-30665.538669198024 293
-30665.538669527647 294
-30665.53866994845 295
-30665.538670226855 296
-30665.538670226855 297
-30665.53867027319 298
-30665.538670419643 299
-30665.538670691276 300
-30665.538670691276 301
-30665.538670704052 302
-30665.53867101232 303
-30665.53867101232 304
-30665.53867101232 305
-30665.538671042534 306
-30665.538671042534 307
-30665.538671070553 308
-30665.538671070553 309
-30665.538671082002 310
-30665.53867111333 311
-30665.53867120485 312
-30665.538671288232 313
-30665.538671425806 314
-30665.538671425806 315
-30665.538671425806 316
-30665.538671425806 317
-30665.538671425806 318
-30665.538671425806 319
-30665.538671425806 320
-30665.538671425806 321
-30665.538671425806 322
-30665.538671425806 323
-30665.538671446477 324
-30665.538671509647 325
-30665.538671509647 326
-30665.538671509647 327
-30665.538671513103 328
-30665.538671725953 329
-30665.538671725953 330
-30665.538671725953 331
-30665.538671725953 332
-30665.538671725953 333
-30665.538671725953 334
-30665.538671725953 335
-30665.538671725953 336
-30665.538671725953 337
-30665.538671725953 338
-30665.538671725953 339
-30665.538671725953 340
-30665.538671725953 341
-30665.538671725953 342
-30665.538671725953 343
-30665.538671725953 344
-30665.538671725953 345
-30665.538671725953 346
-30665.538671725953 347
-30665.538671725953 348
-30665.538671725953 349
-30665.538671725953 350
-30665.538671725953 351
-30665.538671725953 352
-30665.538671725953 353
-30665.53867174305 354
-30665.53867175788 355
-30665.53867175788 356
-30665.53867175788 357
-30665.53867175788 358
-30665.53867175788 359
-30665.53867175788 360
-30665.53867175788 361
-30665.53867175788 362
-30665.53867175788 363
-30665.53867175788 364
-30665.53867175788 365
-30665.53867175788 366
-30665.53867175788 367
-30665.53867175788 368
-30665.53867175788 369
-30665.53867175788 370
-30665.53867175788 371
-30665.53867175788 372
-30665.53867175788 373
-30665.53867175788 374
-30665.53867175788 375
-30665.53867175788 376
-30665.53867175788 377
-30665.53867175788 378
-30665.53867176047 379
-30665.53867176774 380
-30665.538671770435 381
-30665.538671770435 382
-30665.538671770435 383
-30665.538671770435 384
-30665.538671770435 385
-30665.538671770435 386
-30665.538671770435 387
-30665.53867177516 388
-30665.53867177516 389
-30665.53867177516 390
-30665.53867177516 391
-30665.53867177516 392
-30665.53867177516 393
-30665.53867177516 394
-30665.53867177516 395
-30665.53867177516 396
-30665.53867177516 397
-30665.53867177516 398
-30665.53867177516 399
-30665.538671775703 400
-30665.53867177623 401
-30665.538671778006 402
-30665.53867177863 403
-30665.53867177863 404
-30665.53867177863 405
-30665.538671779752 406
-30665.538671780574 407
-30665.538671780763 408
-30665.538671780763 409
-30665.538671781593 410
-30665.538671781593 411
-30665.538671781593 412
-30665.538671781593 413
-30665.538671781593 414
-30665.538671781593 415
-30665.538671782328 416
-30665.538671782328 417
-30665.538671782328 418
-30665.538671782328 419
-30665.538671782328 420
-30665.538671782328 421
-30665.538671782328 422
-30665.538671782328 423
-30665.538671782328 424
-30665.538671782328 425
-30665.538671782328 426
-30665.538671782328 427
-30665.5386717824 428
-30665.5386717824 429
-30665.5386717824 430
-30665.5386717824 431
-30665.53867178251 432
-30665.53867178251 433
-30665.538671782524 434
-30665.538671782524 435
-30665.538671782535 436
-30665.538671782535 437
-30665.538671782793 438
-30665.538671782793 439
-30665.538671782924 440
-30665.538671782924 441
-30665.538671782924 442
-30665.538671782924 443
-30665.538671782924 444
-30665.538671782924 445
-30665.538671782924 446
-30665.53867178296 447
-30665.53867178306 448
-30665.538671783062 449
-30665.538671783135 450
-30665.53867178316 451
-30665.53867178317 452
-30665.53867178317 453
-30665.538671783197 454
-30665.538671783208 455
-30665.538671783248 456
-30665.538671783248 457
-30665.538671783248 458
-30665.538671783248 459
-30665.53867178328 460
-30665.53867178328 461
-30665.538671783288 462
-30665.538671783288 463
-30665.538671783288 464
-30665.538671783288 465
-30665.538671783288 466
