9760336.292105269 0
8064.604295357458 1
2503.5703715826367 2
878.6333423117374 3
878.6333423117374 4
878.6333423117374 5
878.6333423117374 6
878.6333423117374 7
878.6333423117374 8
878.6333423117374 9
878.6333423117374 10
846.5848543235902 11
761.3365310442587 12
761.3365310442587 13
761.3365310442587 14
761.3365310442587 15
761.3365310442587 16
761.3365310442587 17
761.3365310442587 18
761.3365310442587 19
761.3365310442587 20
761.3365310442587 21
761.3365310442587 22
761.3365310442587 23
761.3365310442587 24
761.3365310442587 25
742.102610204271 26
742.102610204271 27
737.2925522391554 28
737.2925522391554 29
737.2925522391554 30
737.2925522391554 31
737.2925522391554 32
737.2925522391554 33
737.2925522391554 34
722.3480183431726 35
722.3480183431726 36
722.3480183431726 37
722.3480183431726 38
722.3480183431726 39
722.3480183431726 40
722.3480183431726 41
722.3480183431726 42
717.4628944435896 43
717.4628944435896 44
717.4628944435896 45
715.2050654909581 46
715.2050654909581 47
715.2050654909581 48
711.7109925542258 49
711.7109925542258 50
711.7109925542258 51
711.7109925542258 52
711.7109925542258 53
711.7109925542258 54
711.7109925542258 55
711.7109925542258 56
710.291926674934 57
710.291926674934 58
709.6767164618215 59
703.2124062014306 60
703.2124062014306 61
703.2124062014306 62
690.5104058629175 63
690.5104058629175 64
690.5104058629175 65
690.5104058629175 66
690.5104058629175 67
690.5104058629175 68
688.5624712004712 69
684.4187849391652 70
684.4187849391652 71
684.4187849391652 72
684.4187849391652 73
684.4187849391652 74
684.4187849391652 75
684.4187849391652 76
684.4187849391652 77
684.4187849391652 78
684.0815687085042 79
684.0815687085042 80
684.0815687085042 81
684.0815687085042 82
683.9489053765433 83
683.9489053765433 84
683.9489053765433 85
683.9489053765433 86
683.9489053765433 87
683.9489053765433 88
683.9489053765433 89
683.8919662315432 90
682.7505817507887 91
682.7505817507887 92
682.0171246280426 93
682.0171246280426 94
682.0171246280426 95
682.0171246280426 96
681.5725899318256 97
681.321354276692 98
681.321354276692 99
681.321354276692 100
681.321354276692 101
681.321354276692 102
681.321354276692 103
681.321354276692 104
681.3078263448557 105
681.0435660450833 106
681.0435660450833 107
681.0232982520888 108
681.0232982520888 109
681.0232982520888 110
681.0232982520888 111
681.0232982520888 112
681.0232982520888 113
681.0232982520888 114
681.0232982520888 115
681.0232982520888 116
681.0232982520888 117
681.0232982520888 118
681.0042420289617 119
680.9553578070809 120
680.8610010758624 121
680.7466114740313 122
680.744585557662 123
680.744585557662 124
680.744585557662 125
680.744585557662 126
680.744585557662 127
680.744585557662 128
680.744585557662 129
680.744585557662 130
680.744585557662 131
680.744585557662 132
680.744585557662 133
680.7186281062386 134
680.7186281062386 135
680.7186281062386 136
680.7186281062386 137
680.7102136131002 138
680.7102136131002 139
680.7078382886597 140
680.7078382886597 141
680.7052257462443 142
680.6673735579059 143
680.6673735579059 144
680.6673735579059 145
680.6673735579059 146
680.6673735579059 147
680.6673735579059 148
680.6673735579059 149
680.6673735579059 150
680.6673735579059 151
680.6673735579059 152
680.6673735579059 153
680.6673735579059 154
680.6673735579059 155
680.6673735579059 156
680.6673735579059 157
680.6673735579059 158
680.6673735579059 159
680.6673735579059 160
680.6673735579059 161
680.6673735579059 162
680.6673735579059 163
680.6498509838248 164
680.6475534494571 165
680.6428179340247 166
680.6428179340247 167
680.6428179340247 168
680.6428179340247 169
680.6428179340247 170
680.6428179340247 171
680.6428179340247 172
680.6408896861002 173
680.6388246051465 174
680.6388246051465 175
680.6388246051465 176
680.6388246051465 177
680.6365605390141 178
680.6365605390141 179
680.6334500658381 180
680.6334500658381 181
680.6334500658381 182
680.6334500658381 183
680.6334500658381 184
680.6334500658381 185
680.6334500658381 186
680.6334500658381 187
680.6334500658381 188
680.6326616323249 189
680.6326616323249 190
680.6326616323249 191
680.6326616323249 192
680.6324819404408 193
680.6324819404408 194
680.6323306403854 195
680.6309473233135 196
680.6309473233135 197
680.6309473233135 198
680.6309473233135 199
680.6309473233135 200
680.6309473233135 201
680.6309473233135 202
680.6309473233135 203
680.6309473233135 204
680.6309473233135 205
680.6309473233135 206
680.6309473233135 207
680.6309065260249 208
680.6309065260249 209
680.6309065260249 210
680.6309065260249 211
680.6309065260249 212
680.6309065260249 213
680.6307183482464 214
680.6307183482464 215
680.6305057854446 216
680.6305057854446 217
680.6305057854446 218
680.6304727599568 219
680.6304727599568 220
680.6304727599568 221
680.630435495881 222
680.630435495881 223
680.630435495881 224
680.630435495881 225
680.630435495881 226
680.630435495881 227
680.630435495881 228
680.630435495881 229
680.6302964503204 230
680.6302964503204 231
680.6302964503204 232
680.6302964503204 233
680.6302525092268 234
680.630245937574 235
680.630245937574 236
680.6302444845778 237
680.6302444845778 238
680.6302444845778 239
680.6302444845778 240
680.6302444845778 241
680.6302444845778 242
680.6302444845778 243
680.6302444845778 244
680.6302444845778 245
680.6302444845778 246
680.6302444845778 247
680.6302444845778 248
680.630225534405 249
680.630225534405 250
680.63013026075 251
680.63013026075 252
680.63013026075 253
680.63013026075 254
680.63013026075 255
680.63013026075 256
680.63013026075 257
680.63013026075 258
680.63013026075 259
680.63013026075 260
680.63013026075 261
680.63013026075 262
680.6301235042434 263
680.6301235042434 264
680.630114331941 265
680.630114331941 266
680.6301031501499 267
680.630101221948 268
680.630101221948 269
680.630101221948 270
680.6300949029109 271
680.6300949029109 272
680.6300820708693 273
680.6300820708693 274
680.6300820708693 275
680.6300820708693 276
680.6300820708693 277
680.6300820708693 278
680.6300820708693 279
680.6300820708693 280
680.6300751520414 281
680.6300751520414 282
680.6300746983588 283
680.6300746983588 284
680.6300746983588 285
680.6300746983588 286
680.6300746983588 287
680.6300746983588 288
680.6300746983588 289
680.6300746983588 290
680.6300746983588 291
680.6300746983588 292
680.6300746983588 293
680.6300746983588 294
680.6300716915291 295
680.6300716915291 296
680.6300716915291 297
680.6300651712122 298
680.6300651712122 299
680.6300651712122 300
680.6300651712122 301
680.6300651712122 302
680.6300651712122 303
680.6300651712122 304
680.6300651712122 305
680.6300651712122 306
680.6300651712122 307
680.6300651712122 308
680.6300651712122 309
680.6300651712122 310
680.6300651712122 311
680.630062621877 312
680.630062621877 313
680.630062621877 314
680.630062621877 315
680.630062621877 316
680.630062621877 317
680.6300622144246 318
680.6300622144246 319
680.630062087406 320
680.630062087406 321
680.6300617348796 322
680.6300617348796 323
680.6300617348796 324
680.6300617348796 325
680.6300615205148 326
680.6300615205148 327
680.6300615205148 328
680.6300615205148 329
680.6300610205341 330
680.6300610205341 331
680.6300610205341 332
680.6300610205341 333
680.6300600154088 334
680.6300600154088 335
680.6300593596449 336
680.6300593517209 337
680.6300593517209 338
680.6300593517209 339
680.6300593517209 340
680.6300593517209 341
680.6300593517209 342
680.6300593517209 343
680.6300593517209 344
680.6300593517209 345
680.6300593517209 346
680.6300593517209 347
680.6300593517209 348
680.6300593517209 349
680.6300593517209 350
680.6300593517209 351
680.6300593517209 352
680.6300593517209 353
680.630059184407 354
680.630059098489 355
680.630059098489 356
680.630059085238 357
680.630059085238 358
680.630059085238 359
680.6300590151724 360
680.6300590151724 361
680.6300590151724 362
680.6300584722259 363
680.6300584722259 364
680.6300584722259 365
680.6300584722259 366
680.6300584722259 367
680.6300583848559 368
680.6300583848559 369
680.6300583848559 370
680.6300578971229 371
680.6300578971229 372
680.6300577570362 373
680.6300577570362 374
680.6300577570362 375
680.6300577570362 376
680.6300577570362 377
680.6300577570362 378
680.6300577570362 379
680.6300577570362 380
680.6300577570362 381
680.6300577570362 382
680.6300577570362 383
680.6300577570362 384
680.6300576527699 385
680.6300575344964 386
680.630057457482 387
680.630057457482 388
680.630057457482 389
680.630057457482 390
680.630057457482 391
680.630057457482 392
680.630057457482 393
680.630057457482 394
680.630057457482 395
680.630057457482 396
680.630057457482 397
680.630057457482 398
680.630057457482 399
680.630057457482 400
680.630057457482 401
680.630057457482 402
680.6300573990935 403
680.6300573990935 404
680.6300573990935 405
680.6300573990935 406
680.6300573990935 407
680.6300573990935 408
680.6300573990935 409
680.6300573990935 410
680.6300573990935 411
680.6300573990935 412
680.6300573990935 413
680.6300573948074 414
680.6300573948074 415
680.6300573948074 416
680.6300573948074 417
680.6300573948074 418
680.6300573948074 419
680.630057385514 420
680.630057385514 421
680.630057385514 422
680.630057385514 423
680.630057385514 424
680.630057385514 425
680.630057385514 426
680.630057385514 427
680.630057385514 428
680.630057385514 429
680.630057385514 430
680.630057385514 431
680.630057385514 432
680.6300573848334 433
680.6300573810904 434
680.6300573797837 435
680.6300573797837 436
680.6300573797837 437
680.6300573797837 438
680.6300573797837 439
680.6300573787261 440
680.6300573770329 441
680.6300573770329 442
680.6300573770329 443
680.6300573770329 444
680.6300573770329 445
680.6300573770329 446
680.6300573770329 447
680.6300573770329 448
680.6300573770329 449
680.6300573770329 450
680.6300573761147 451
680.6300573761147 452
680.6300573761147 453
680.6300573761147 454
680.6300573761147 455
680.6300573761147 456
680.6300573761147 457
680.6300573761147 458
680.6300573761147 459
680.6300573761147 460
680.6300573761147 461
680.6300573761147 462
680.6300573761147 463
680.6300573761147 464
680.6300573761147 465
680.6300573761147 466
680.6300573761147 467
680.6300573761147 468
680.6300573761147 469
680.6300573761147 470
680.6300573761147 471
680.6300573761147 472
680.6300573761147 473
680.6300573757395 474
680.6300573757395 475
680.6300573757395 476
680.6300573757395 477
680.6300573757395 478
680.630057375703 479
680.630057375703 480
680.630057375703 481
680.630057375703 482
680.630057375703 483
680.630057375703 484
680.630057375703 485
680.630057375703 486
680.630057375703 487
680.6300573755157 488
680.6300573755157 489
680.6300573753597 490
680.6300573753597 491
680.6300573753597 492
680.6300573753597 493
680.6300573753597 494
680.6300573753597 495
680.6300573753597 496
680.6300573752085 497
680.6300573750179 498
680.6300573750179 499
680.6300573750179 500
680.6300573749756 501
680.6300573747321 502
680.6300573747321 503
680.6300573747321 504
680.6300573746569 505
680.6300573746227 506
680.6300573745007 507
680.6300573745007 508
680.6300573744768 509
680.6300573744768 510
680.6300573744732 511
680.6300573744732 512
680.6300573744732 513
680.6300573744732 514
680.6300573744732 515
680.6300573744732 516
680.6300573744732 517
680.6300573744732 518
680.6300573744732 519
680.6300573744732 520
680.6300573744732 521
680.6300573744732 522
680.6300573744732 523
680.6300573744732 524
680.6300573744732 525
680.6300573744732 526
680.6300573744732 527
680.6300573744732 528
680.6300573744732 529
680.6300573744732 530
680.6300573744732 531
680.6300573744732 532
680.6300573744714 533
680.6300573744714 534
680.6300573744454 535
680.6300573744454 536
680.6300573744454 537
680.6300573744405 538
680.6300573744244 539
680.6300573744244 540
680.6300573744244 541
680.6300573744244 542
680.6300573744244 543
680.6300573744244 544
680.6300573744244 545
680.6300573744244 546
680.6300573744244 547
680.6300573744244 548
680.6300573744244 549
680.6300573744244 550
680.6300573744226 551
680.6300573744226 552
680.6300573744226 553
680.6300573744226 554
680.6300573744226 555
680.6300573744226 556
680.6300573744226 557
680.6300573744226 558
680.6300573744226 559
680.6300573744226 560
680.6300573744226 561
680.6300573744226 562
680.6300573744226 563
680.6300573744226 564
680.6300573744226 565
680.6300573744226 566
680.6300573744226 567
680.6300573744215 568
680.6300573744215 569
680.6300573744215 570
680.6300573744215 571
680.6300573744215 572
680.6300573744215 573
680.630057374415 574
680.630057374415 575
680.630057374415 576
680.630057374415 577
680.630057374415 578
680.630057374415 579
680.630057374415 580
680.630057374415 581
680.630057374415 582
680.630057374415 583
680.6300573744124 584
680.6300573744124 585
680.6300573744124 586
680.6300573744089 587
680.6300573744089 588
680.6300573744089 589
680.6300573744089 590
680.6300573744068 591
680.6300573744056 592
680.6300573744053 593
680.6300573744053 594
680.6300573744052 595
680.6300573744052 596
680.6300573744048 597
680.6300573744048 598
680.6300573744048 599
680.6300573744048 600
680.6300573744048 601
680.6300573744048 602
680.6300573744048 603
680.6300573744048 604
680.6300573744048 605
680.6300573744044 606
680.6300573744044 607
680.6300573744044 608
680.6300573744044 609
680.6300573744044 610
680.6300573744043 611
680.6300573744037 612
680.6300573744035 613
680.6300573744035 614
680.6300573744035 615
680.6300573744035 616
680.6300573744035 617
680.6300573744035 618
680.6300573744033 619
680.6300573744033 620
680.6300573744033 621
680.6300573744033 622
680.6300573744033 623
680.6300573744033 624
680.6300573744033 625
680.6300573744033 626
680.6300573744033 627
680.6300573744029 628
680.6300573744029 629
680.6300573744029 630
680.6300573744028 631
680.6300573744028 632
680.6300573744028 633
680.6300573744028 634
680.6300573744028 635
680.6300573744028 636
680.6300573744028 637
680.6300573744028 638
680.6300573744028 639
680.6300573744028 640
680.6300573744028 641
680.6300573744028 642
680.6300573744028 643
680.6300573744028 644
680.6300573744028 645
680.6300573744028 646
680.6300573744028 647
680.6300573744028 648
680.6300573744028 649
680.6300573744028 650
680.6300573744028 651
680.6300573744028 652
680.6300573744028 653
680.6300573744028 654
680.6300573744028 655
680.6300573744028 656
680.6300573744028 657
680.6300573744028 658
680.6300573744028 659
680.6300573744028 660
680.6300573744028 661
680.6300573744028 662
680.6300573744028 663
680.6300573744028 664
680.6300573744028 665
680.6300573744028 666
680.6300573744028 667
680.6300573744028 668
680.6300573744028 669
680.6300573744028 670
680.6300573744028 671
680.6300573744028 672
680.6300573744028 673
680.6300573744028 674
680.6300573744028 675
680.6300573744028 676
680.6300573744028 677
680.6300573744028 678
680.6300573744028 679
680.6300573744028 680
680.6300573744028 681
680.6300573744028 682
680.6300573744028 683
680.6300573744028 684
680.6300573744028 685
680.6300573744028 686
680.6300573744028 687
680.6300573744028 688
680.6300573744028 689
680.6300573744028 690
680.6300573744028 691
680.6300573744028 692
680.6300573744028 693
680.6300573744028 694
680.6300573744028 695
680.6300573744028 696
680.6300573744028 697
680.6300573744028 698
680.6300573744028 699
680.6300573744028 700
680.6300573744027 701
680.6300573744026 702
680.6300573744026 703
680.6300573744024 704
680.6300573744024 705
680.6300573744022 706
680.6300573744022 707
680.6300573744022 708
680.6300573744022 709
680.6300573744022 710
680.6300573744022 711
680.6300573744022 712
680.6300573744022 713
680.6300573744022 714
680.6300573744022 715
680.6300573744022 716
680.6300573744022 717
680.6300573744022 718
680.6300573744022 719
680.6300573744021 720
680.6300573744021 721
680.6300573744021 722
680.6300573744021 723
680.6300573744021 724
680.6300573744021 725
680.6300573744021 726
680.6300573744021 727
680.6300573744021 728
680.6300573744021 729
680.6300573744021 730
680.6300573744021 731
680.6300573744021 732
680.6300573744021 733
680.6300573744021 734
680.6300573744021 735
680.6300573744021 736
680.6300573744021 737
680.6300573744021 738
680.6300573744021 739
680.6300573744021 740
680.6300573744021 741
680.6300573744021 742
680.6300573744021 743
680.6300573744021 744
680.6300573744021 745
680.6300573744021 746
680.6300573744021 747
680.6300573744021 748
680.6300573744021 749
680.6300573744021 750
680.6300573744021 751
680.6300573744021 752
680.6300573744021 753
680.6300573744021 754
680.6300573744021 755
680.6300573744021 756
680.6300573744021 757
680.6300573744021 758
680.630057374402 759
680.630057374402 760
680.630057374402 761
680.630057374402 762
680.630057374402 763
680.630057374402 764
680.630057374402 765
680.630057374402 766
680.630057374402 767
680.630057374402 768
680.630057374402 769
680.630057374402 770
680.630057374402 771
680.630057374402 772
680.630057374402 773
680.630057374402 774
680.630057374402 775
680.630057374402 776
680.630057374402 777
680.630057374402 778
680.630057374402 779
680.630057374402 780
680.630057374402 781
680.630057374402 782
680.630057374402 783
680.6300573744019 784
680.6300573744019 785
680.6300573744019 786
680.6300573744019 787
680.6300573744019 788
680.6300573744019 789
680.6300573744019 790
680.6300573744019 791
680.6300573744019 792
680.6300573744019 793
680.6300573744019 794
680.6300573744019 795
680.6300573744019 796
680.6300573744019 797
680.6300573744019 798
680.6300573744019 799
680.6300573744019 800
680.6300573744019 801
680.6300573744019 802
680.6300573744019 803
680.6300573744019 804
680.6300573744019 805
680.6300573744019 806
680.6300573744019 807
680.6300573744019 808
680.6300573744019 809
680.6300573744019 810
680.6300573744019 811
680.6300573744019 812
680.6300573744019 813
680.6300573744019 814
680.6300573744019 815
680.6300573744019 816
680.6300573744019 817
680.6300573744019 818
680.6300573744019 819
680.6300573744019 820
680.6300573744019 821
680.6300573744019 822
680.6300573744019 823
680.6300573744019 824
680.6300573744019 825
680.6300573744019 826
680.6300573744019 827
680.6300573744019 828
680.6300573744019 829
680.6300573744019 830
680.6300573744019 831
680.6300573744019 832
680.6300573744019 833
680.6300573744019 834
680.6300573744019 835
680.6300573744019 836
680.6300573744019 837
680.6300573744019 838
680.6300573744019 839
680.6300573744019 840
680.6300573744019 841
680.6300573744019 842
680.6300573744019 843
680.6300573744019 844
680.6300573744019 845
680.6300573744019 846
680.6300573744019 847
680.6300573744019 848
680.6300573744019 849
680.6300573744019 850
680.6300573744019 851
680.6300573744019 852
680.6300573744019 853
680.6300573744019 854
680.6300573744019 855
680.6300573744019 856
680.6300573744019 857
680.6300573744019 858
680.6300573744019 859
680.6300573744019 860
680.6300573744019 861
680.6300573744019 862
680.6300573744019 863
680.6300573744019 864
680.6300573744019 865
680.6300573744019 866
680.6300573744019 867
680.6300573744019 868
680.6300573744019 869
680.6300573744019 870
680.6300573744019 871
680.6300573744019 872
680.6300573744019 873
680.6300573744019 874
680.6300573744019 875
680.6300573744019 876
680.6300573744019 877
680.6300573744019 878
680.6300573744019 879
680.6300573744019 880
680.6300573744019 881
680.6300573744019 882
680.6300573744019 883
680.6300573744019 884
680.6300573744019 885
680.6300573744019 886
680.6300573744019 887
680.6300573744019 888
680.6300573744019 889
680.6300573744019 890
680.6300573744019 891
680.6300573744019 892
680.6300573744019 893
680.6300573744019 894
680.6300573744019 895
680.6300573744019 896
680.6300573744019 897
680.6300573744019 898
680.6300573744019 899
680.6300573744019 900
680.6300573744019 901
680.6300573744019 902
680.6300573744019 903
680.6300573744019 904
680.6300573744019 905
680.6300573744019 906
680.6300573744019 907
680.6300573744019 908
680.6300573744019 909
680.6300573744019 910
680.6300573744019 911
680.6300573744019 912
680.6300573744019 913
680.6300573744019 914
680.6300573744019 915
680.6300573744019 916
680.6300573744019 917
680.6300573744019 918
680.6300573744019 919
680.6300573744019 920
680.6300573744019 921
680.6300573744019 922
680.6300573744019 923
680.6300573744019 924
680.6300573744019 925
680.6300573744019 926
680.6300573744019 927
680.6300573744019 928
680.6300573744019 929
680.6300573744019 930
680.6300573744019 931
680.6300573744019 932
680.6300573744019 933
680.6300573744019 934
680.6300573744019 935
680.6300573744019 936
680.6300573744019 937
680.6300573744019 938
680.6300573744019 939
680.6300573744019 940
680.6300573744019 941
680.6300573744019 942
680.6300573744019 943
680.6300573744019 944
680.6300573744019 945
680.6300573744019 946
680.6300573744019 947
680.6300573744019 948
680.6300573744019 949
680.6300573744019 950
680.6300573744019 951
680.6300573744019 952
680.6300573744019 953
680.6300573744019 954
680.6300573744019 955
680.6300573744019 956
680.6300573744019 957
680.6300573744019 958
680.6300573744019 959
680.6300573744019 960
680.6300573744019 961
680.6300573744019 962
680.6300573744019 963
680.6300573744019 964
680.6300573744019 965
680.6300573744019 966
680.6300573744019 967
680.6300573744019 968
680.6300573744019 969
680.6300573744019 970
680.6300573744019 971
680.6300573744019 972
680.6300573744019 973
680.6300573744019 974
680.6300573744019 975
680.6300573744019 976
680.6300573744019 977
680.6300573744019 978
680.6300573744019 979
680.6300573744019 980
680.6300573744019 981
680.6300573744019 982
680.6300573744019 983
680.6300573744019 984
680.6300573744019 985
680.6300573744019 986
680.6300573744019 987
680.6300573744019 988
680.6300573744019 989
680.6300573744019 990
680.6300573744019 991
680.6300573744019 992
680.6300573744019 993
680.6300573744019 994
680.6300573744019 995
680.6300573744019 996
680.6300573744019 997
680.6300573744019 998
680.6300573744019 999
680.6300573744019 1000
680.6300573744019 1001
680.6300573744019 1002
680.6300573744019 1003
680.6300573744019 1004
680.6300573744019 1005
680.6300573744019 1006
680.6300573744019 1007
680.6300573744019 1008
680.6300573744019 1009
680.6300573744019 1010
680.6300573744019 1011
680.6300573744019 1012
680.6300573744019 1013
680.6300573744019 1014
680.6300573744019 1015
680.6300573744019 1016
680.6300573744019 1017
680.6300573744019 1018
680.6300573744019 1019
680.6300573744019 1020
680.6300573744019 1021
680.6300573744019 1022
680.6300573744019 1023
680.6300573744019 1024
680.6300573744019 1025
680.6300573744019 1026
680.6300573744019 1027
680.6300573744019 1028
680.6300573744019 1029
680.6300573744019 1030
680.6300573744019 1031
680.6300573744019 1032
680.6300573744019 1033
680.6300573744019 1034
680.6300573744019 1035
680.6300573744019 1036
680.6300573744019 1037
680.6300573744019 1038
680.6300573744019 1039
680.6300573744019 1040
680.6300573744019 1041
680.6300573744019 1042
680.6300573744019 1043
680.6300573744019 1044
680.6300573744019 1045
680.6300573744019 1046
680.6300573744019 1047
680.6300573744019 1048
680.6300573744019 1049
680.6300573744019 1050
680.6300573744019 1051
680.6300573744019 1052
680.6300573744019 1053
680.6300573744019 1054
680.6300573744019 1055
680.6300573744019 1056
680.6300573744019 1057
680.6300573744019 1058
680.6300573744019 1059
680.6300573744019 1060
680.6300573744019 1061
680.6300573744019 1062
680.6300573744019 1063
680.6300573744019 1064
680.6300573744019 1065
680.6300573744019 1066
680.6300573744019 1067
680.6300573744019 1068
680.6300573744019 1069
680.6300573744019 1070
680.6300573744019 1071
680.6300573744019 1072
680.6300573744019 1073
680.6300573744019 1074
680.6300573744019 1075
680.6300573744019 1076
680.6300573744019 1077
680.6300573744019 1078
680.6300573744019 1079
680.6300573744019 1080
680.6300573744019 1081
680.6300573744019 1082
680.6300573744019 1083
680.6300573744019 1084
680.6300573744019 1085
680.6300573744019 1086
680.6300573744019 1087
680.6300573744019 1088
680.6300573744019 1089
680.6300573744019 1090
680.6300573744019 1091
680.6300573744019 1092
680.6300573744019 1093
680.6300573744019 1094
680.6300573744019 1095
680.6300573744019 1096
680.6300573744019 1097
680.6300573744019 1098
680.6300573744019 1099
680.6300573744019 1100
680.6300573744019 1101
680.6300573744019 1102
680.6300573744019 1103
680.6300573744019 1104
680.6300573744019 1105
680.6300573744019 1106
680.6300573744019 1107
680.6300573744019 1108
680.6300573744019 1109
680.6300573744019 1110
680.6300573744019 1111
680.6300573744019 1112
680.6300573744019 1113
680.6300573744019 1114
680.6300573744019 1115
680.6300573744019 1116
680.6300573744019 1117
680.6300573744019 1118
680.6300573744019 1119
680.6300573744019 1120
680.6300573744019 1121
680.6300573744019 1122
680.6300573744019 1123
680.6300573744019 1124
680.6300573744019 1125
680.6300573744019 1126
680.6300573744019 1127
680.6300573744019 1128
680.6300573744019 1129
680.6300573744019 1130
680.6300573744019 1131
680.6300573744019 1132
680.6300573744019 1133
680.6300573744019 1134
680.6300573744019 1135
680.6300573744019 1136
680.6300573744019 1137
680.6300573744019 1138
680.6300573744019 1139
680.6300573744019 1140
680.6300573744019 1141
680.6300573744019 1142
680.6300573744019 1143
680.6300573744019 1144
680.6300573744019 1145
680.6300573744019 1146
680.6300573744019 1147
680.6300573744019 1148
680.6300573744019 1149
680.6300573744019 1150
680.6300573744019 1151
680.6300573744019 1152
680.6300573744019 1153
680.6300573744019 1154
680.6300573744019 1155
680.6300573744019 1156
680.6300573744019 1157
680.6300573744019 1158
680.6300573744019 1159
680.6300573744019 1160
680.6300573744019 1161
680.6300573744019 1162
680.6300573744019 1163
680.6300573744019 1164
680.6300573744019 1165
680.6300573744019 1166
680.6300573744019 1167
680.6300573744019 1168
680.6300573744019 1169
680.6300573744019 1170
680.6300573744019 1171
680.6300573744019 1172
680.6300573744019 1173
680.6300573744019 1174
680.6300573744019 1175
680.6300573744019 1176
680.6300573744019 1177
680.6300573744019 1178
680.6300573744019 1179
680.6300573744019 1180
680.6300573744019 1181
680.6300573744019 1182
680.6300573744019 1183
680.6300573744019 1184
680.6300573744019 1185
680.6300573744019 1186
680.6300573744019 1187
680.6300573744019 1188
680.6300573744019 1189
680.6300573744019 1190
680.6300573744019 1191
680.6300573744019 1192
680.6300573744019 1193
680.6300573744019 1194
680.6300573744019 1195
680.6300573744019 1196
680.6300573744019 1197
680.6300573744019 1198
680.6300573744019 1199
680.6300573744019 1200
680.6300573744019 1201
680.6300573744019 1202
680.6300573744019 1203
680.6300573744019 1204
680.6300573744019 1205
680.6300573744019 1206
680.6300573744019 1207
680.6300573744019 1208
680.6300573744019 1209
680.6300573744019 1210
680.6300573744019 1211
680.6300573744019 1212
680.6300573744019 1213
680.6300573744019 1214
680.6300573744019 1215
680.6300573744019 1216
680.6300573744019 1217
680.6300573744019 1218
680.6300573744019 1219
680.6300573744019 1220
680.6300573744019 1221
680.6300573744019 1222
680.6300573744019 1223
680.6300573744019 1224
680.6300573744019 1225
680.6300573744019 1226
680.6300573744019 1227
680.6300573744019 1228
680.6300573744019 1229
680.6300573744019 1230
680.6300573744019 1231
680.6300573744019 1232
680.6300573744019 1233
680.6300573744019 1234
680.6300573744019 1235
680.6300573744019 1236
680.6300573744019 1237
680.6300573744019 1238
680.6300573744019 1239
680.6300573744019 1240
680.6300573744019 1241
680.6300573744019 1242
680.6300573744019 1243
680.6300573744019 1244
680.6300573744019 1245
680.6300573744019 1246
680.6300573744019 1247
680.6300573744019 1248
680.6300573744019 1249
680.6300573744019 1250
680.6300573744019 1251
680.6300573744019 1252
680.6300573744019 1253
680.6300573744019 1254
680.6300573744019 1255
680.6300573744019 1256
680.6300573744019 1257
680.6300573744019 1258
680.6300573744019 1259
680.6300573744019 1260
680.6300573744019 1261
680.6300573744019 1262
680.6300573744019 1263
680.6300573744019 1264
680.6300573744019 1265
680.6300573744019 1266
680.6300573744019 1267
680.6300573744019 1268
680.6300573744019 1269
680.6300573744019 1270
680.6300573744019 1271
680.6300573744019 1272
680.6300573744019 1273
680.6300573744019 1274
680.6300573744019 1275
680.6300573744019 1276
680.6300573744019 1277
680.6300573744019 1278
680.6300573744019 1279
680.6300573744019 1280
680.6300573744019 1281
680.6300573744019 1282
680.6300573744019 1283
680.6300573744019 1284
680.6300573744019 1285
680.6300573744019 1286
680.6300573744019 1287
680.6300573744019 1288
680.6300573744019 1289
680.6300573744019 1290
680.6300573744019 1291
680.6300573744019 1292
680.6300573744019 1293
680.6300573744019 1294
680.6300573744019 1295
680.6300573744019 1296
680.6300573744019 1297
680.6300573744019 1298
680.6300573744019 1299
680.6300573744019 1300
680.6300573744019 1301
680.6300573744019 1302
680.6300573744019 1303
680.6300573744019 1304
680.6300573744019 1305
680.6300573744019 1306
680.6300573744019 1307
680.6300573744019 1308
680.6300573744019 1309
680.6300573744019 1310
680.6300573744019 1311
680.6300573744019 1312
680.6300573744019 1313
680.6300573744019 1314
680.6300573744019 1315
680.6300573744019 1316
680.6300573744019 1317
680.6300573744019 1318
680.6300573744019 1319
680.6300573744019 1320
680.6300573744019 1321
680.6300573744019 1322
680.6300573744019 1323
680.6300573744019 1324
680.6300573744019 1325
680.6300573744019 1326
680.6300573744019 1327
680.6300573744019 1328
680.6300573744019 1329
680.6300573744019 1330
680.6300573744019 1331
680.6300573744019 1332
680.6300573744019 1333
680.6300573744019 1334
680.6300573744019 1335
680.6300573744019 1336
680.6300573744019 1337
680.6300573744019 1338
680.6300573744019 1339
680.6300573744019 1340
680.6300573744019 1341
680.6300573744019 1342
680.6300573744019 1343
680.6300573744019 1344
680.6300573744019 1345
680.6300573744019 1346
680.6300573744019 1347
680.6300573744019 1348
680.6300573744019 1349
680.6300573744019 1350
680.6300573744019 1351
680.6300573744019 1352
680.6300573744019 1353
680.6300573744019 1354
680.6300573744019 1355
680.6300573744019 1356
680.6300573744019 1357
680.6300573744019 1358
680.6300573744019 1359
680.6300573744019 1360
680.6300573744019 1361
680.6300573744019 1362
680.6300573744019 1363
680.6300573744019 1364
680.6300573744019 1365
680.6300573744019 1366
680.6300573744019 1367
680.6300573744019 1368
680.6300573744019 1369
680.6300573744019 1370
680.6300573744019 1371
680.6300573744019 1372
680.6300573744019 1373
680.6300573744019 1374
680.6300573744019 1375
680.6300573744019 1376
680.6300573744019 1377
680.6300573744019 1378
680.6300573744019 1379
680.6300573744019 1380
680.6300573744019 1381
680.6300573744019 1382
680.6300573744019 1383
680.6300573744019 1384
680.6300573744019 1385
680.6300573744019 1386
680.6300573744019 1387
680.6300573744019 1388
680.6300573744019 1389
680.6300573744019 1390
680.6300573744019 1391
680.6300573744019 1392
680.6300573744019 1393
680.6300573744019 1394
680.6300573744019 1395
680.6300573744019 1396
680.6300573744019 1397
680.6300573744019 1398
680.6300573744019 1399
680.6300573744019 1400
680.6300573744019 1401
680.6300573744019 1402
680.6300573744019 1403
680.6300573744019 1404
680.6300573744019 1405
680.6300573744019 1406
680.6300573744019 1407
680.6300573744019 1408
680.6300573744019 1409
680.6300573744019 1410
680.6300573744019 1411
680.6300573744019 1412
680.6300573744019 1413
680.6300573744019 1414
680.6300573744019 1415
680.6300573744019 1416
680.6300573744019 1417
680.6300573744019 1418
680.6300573744019 1419
680.6300573744019 1420
680.6300573744019 1421
680.6300573744019 1422
680.6300573744019 1423
680.6300573744019 1424
680.6300573744019 1425
680.6300573744019 1426
680.6300573744019 1427
680.6300573744019 1428
680.6300573744019 1429
680.6300573744019 1430
680.6300573744019 1431
680.6300573744019 1432
680.6300573744019 1433
680.6300573744019 1434
680.6300573744019 1435
680.6300573744019 1436
680.6300573744019 1437
680.6300573744019 1438
680.6300573744019 1439
680.6300573744019 1440
680.6300573744019 1441
680.6300573744019 1442
680.6300573744019 1443
680.6300573744019 1444
680.6300573744019 1445
680.6300573744019 1446
680.6300573744019 1447
680.6300573744019 1448
680.6300573744019 1449
680.6300573744019 1450
680.6300573744019 1451
680.6300573744019 1452
680.6300573744019 1453
680.6300573744019 1454
680.6300573744019 1455
680.6300573744019 1456
680.6300573744019 1457
680.6300573744019 1458
680.6300573744019 1459
680.6300573744019 1460
680.6300573744019 1461
680.6300573744019 1462
680.6300573744019 1463
680.6300573744019 1464
680.6300573744019 1465
680.6300573744019 1466
680.6300573744019 1467
680.6300573744019 1468
680.6300573744019 1469
680.6300573744019 1470
680.6300573744019 1471
680.6300573744019 1472
680.6300573744019 1473
680.6300573744019 1474
680.6300573744019 1475
680.6300573744019 1476
680.6300573744019 1477
680.6300573744019 1478
680.6300573744019 1479
680.6300573744019 1480
680.6300573744019 1481
680.6300573744019 1482
680.6300573744019 1483
680.6300573744019 1484
680.6300573744019 1485
680.6300573744019 1486
680.6300573744019 1487
680.6300573744019 1488
680.6300573744019 1489
680.6300573744019 1490
680.6300573744019 1491
680.6300573744019 1492
680.6300573744019 1493
680.6300573744019 1494
680.6300573744019 1495
680.6300573744019 1496
680.6300573744019 1497
680.6300573744019 1498
680.6300573744019 1499
680.6300573744019 1500
680.6300573744019 1501
680.6300573744019 1502
680.6300573744019 1503
680.6300573744019 1504
680.6300573744019 1505
680.6300573744019 1506
680.6300573744019 1507
680.6300573744019 1508
680.6300573744019 1509
680.6300573744019 1510
680.6300573744019 1511
680.6300573744019 1512
680.6300573744019 1513
680.6300573744019 1514
680.6300573744019 1515
680.6300573744019 1516
680.6300573744019 1517
680.6300573744019 1518
680.6300573744019 1519
680.6300573744019 1520
680.6300573744019 1521
680.6300573744019 1522
680.6300573744019 1523
680.6300573744019 1524
680.6300573744019 1525
680.6300573744019 1526
680.6300573744019 1527
680.6300573744019 1528
680.6300573744019 1529
680.6300573744019 1530
680.6300573744019 1531
680.6300573744019 1532
680.6300573744019 1533
680.6300573744019 1534
680.6300573744019 1535
680.6300573744019 1536
680.6300573744019 1537
680.6300573744019 1538
680.6300573744019 1539
680.6300573744019 1540
680.6300573744019 1541
680.6300573744019 1542
680.6300573744019 1543
680.6300573744019 1544
680.6300573744019 1545
680.6300573744019 1546
680.6300573744019 1547
680.6300573744019 1548
680.6300573744019 1549
680.6300573744019 1550
680.6300573744019 1551
680.6300573744019 1552
680.6300573744019 1553
680.6300573744019 1554
680.6300573744019 1555
680.6300573744019 1556
680.6300573744019 1557
680.6300573744019 1558
680.6300573744019 1559
680.6300573744019 1560
680.6300573744019 1561
680.6300573744019 1562
680.6300573744019 1563
680.6300573744019 1564
680.6300573744019 1565
680.6300573744019 1566
680.6300573744019 1567
680.6300573744019 1568
680.6300573744019 1569
680.6300573744019 1570
680.6300573744019 1571
680.6300573744019 1572
680.6300573744019 1573
680.6300573744019 1574
680.6300573744019 1575
680.6300573744019 1576
680.6300573744019 1577
680.6300573744019 1578
680.6300573744019 1579
680.6300573744019 1580
680.6300573744019 1581
680.6300573744019 1582
680.6300573744019 1583
680.6300573744019 1584
680.6300573744019 1585
680.6300573744019 1586
680.6300573744019 1587
680.6300573744019 1588
680.6300573744019 1589
680.6300573744019 1590
680.6300573744019 1591
680.6300573744019 1592
680.6300573744019 1593
680.6300573744019 1594
680.6300573744019 1595
680.6300573744019 1596
680.6300573744019 1597
680.6300573744019 1598
680.6300573744019 1599
680.6300573744019 1600
680.6300573744019 1601
680.6300573744019 1602
680.6300573744019 1603
680.6300573744019 1604
680.6300573744019 1605
680.6300573744019 1606
680.6300573744019 1607
680.6300573744019 1608
680.6300573744019 1609
680.6300573744019 1610
680.6300573744019 1611
680.6300573744019 1612
680.6300573744019 1613
680.6300573744019 1614
680.6300573744019 1615
680.6300573744019 1616
680.6300573744019 1617
680.6300573744019 1618
680.6300573744019 1619
680.6300573744019 1620
680.6300573744019 1621
680.6300573744019 1622
680.6300573744019 1623
680.6300573744019 1624
680.6300573744019 1625
680.6300573744019 1626
680.6300573744019 1627
680.6300573744019 1628
680.6300573744019 1629
680.6300573744019 1630
680.6300573744019 1631
680.6300573744019 1632
680.6300573744019 1633
680.6300573744019 1634
680.6300573744019 1635
680.6300573744019 1636
680.6300573744019 1637
680.6300573744019 1638
680.6300573744019 1639
680.6300573744019 1640
680.6300573744019 1641
680.6300573744019 1642
680.6300573744019 1643
680.6300573744019 1644
680.6300573744019 1645
680.6300573744019 1646
680.6300573744019 1647
680.6300573744019 1648
680.6300573744019 1649
680.6300573744019 1650
680.6300573744019 1651
680.6300573744019 1652
680.6300573744019 1653
680.6300573744019 1654
680.6300573744019 1655
680.6300573744019 1656
680.6300573744019 1657
680.6300573744019 1658
680.6300573744019 1659
680.6300573744019 1660
680.6300573744019 1661
680.6300573744019 1662
680.6300573744019 1663
680.6300573744019 1664
680.6300573744019 1665
680.6300573744019 1666
680.6300573744019 1667
680.6300573744019 1668
680.6300573744019 1669
680.6300573744019 1670
680.6300573744019 1671
680.6300573744019 1672
680.6300573744019 1673
680.6300573744019 1674
680.6300573744019 1675
680.6300573744019 1676
680.6300573744019 1677
680.6300573744019 1678
680.6300573744019 1679
680.6300573744019 1680
680.6300573744019 1681
680.6300573744019 1682
680.6300573744019 1683
680.6300573744019 1684
680.6300573744019 1685
680.6300573744019 1686
680.6300573744019 1687
680.6300573744019 1688
680.6300573744019 1689
680.6300573744019 1690
680.6300573744019 1691
680.6300573744019 1692
680.6300573744019 1693
680.6300573744019 1694
680.6300573744019 1695
680.6300573744019 1696
680.6300573744019 1697
680.6300573744019 1698
680.6300573744019 1699
680.6300573744019 1700
680.6300573744019 1701
680.6300573744019 1702
680.6300573744019 1703
680.6300573744019 1704
680.6300573744019 1705
680.6300573744019 1706
680.6300573744019 1707
680.6300573744019 1708
680.6300573744019 1709
680.6300573744019 1710
680.6300573744019 1711
680.6300573744019 1712
680.6300573744019 1713
680.6300573744019 1714
680.6300573744019 1715
680.6300573744019 1716
680.6300573744019 1717
680.6300573744019 1718
680.6300573744019 1719
680.6300573744019 1720
680.6300573744019 1721
680.6300573744019 1722
680.6300573744019 1723
680.6300573744019 1724
680.6300573744019 1725
680.6300573744019 1726
680.6300573744019 1727
680.6300573744019 1728
680.6300573744019 1729
680.6300573744019 1730
680.6300573744019 1731
680.6300573744019 1732
680.6300573744019 1733
680.6300573744019 1734
680.6300573744019 1735
680.6300573744019 1736
680.6300573744019 1737
680.6300573744019 1738
680.6300573744019 1739
680.6300573744019 1740
680.6300573744019 1741
680.6300573744019 1742
680.6300573744019 1743
680.6300573744019 1744
680.6300573744019 1745
680.6300573744019 1746
680.6300573744019 1747
680.6300573744019 1748
680.6300573744019 1749
680.6300573744019 1750
680.6300573744019 1751
680.6300573744019 1752
680.6300573744019 1753
680.6300573744019 1754
680.6300573744019 1755
680.6300573744019 1756
680.6300573744019 1757
680.6300573744019 1758
680.6300573744019 1759
680.6300573744019 1760
680.6300573744019 1761
680.6300573744019 1762
680.6300573744019 1763
680.6300573744019 1764
680.6300573744019 1765
680.6300573744019 1766
680.6300573744019 1767
680.6300573744019 1768
680.6300573744019 1769
680.6300573744019 1770
680.6300573744019 1771
680.6300573744019 1772
680.6300573744019 1773
680.6300573744019 1774
680.6300573744019 1775
680.6300573744019 1776
680.6300573744019 1777
680.6300573744019 1778
680.6300573744019 1779
680.6300573744019 1780
680.6300573744019 1781
680.6300573744019 1782
680.6300573744019 1783
680.6300573744019 1784
680.6300573744019 1785
