970.8778267050839 1
964.0835180223944 11
967.6535621143013 13
967.4472048928614 18
966.8660451519353 20
964.8974315126246 22
962.4280638222931 23
964.4155745739241 26
965.4500808858444 28
963.1320221697107 30
962.8930435980657 31
963.8467139124527 32
962.9266449848986 33
962.567584775655 37
962.413143878597 38
963.3642497631995 40
961.7858824582565 41
962.9472461759462 42
969.9800479920485 43
962.9552119475725 44
966.5919037389273 45
966.4951008218522 46
963.8678440354632 47
969.248200446495 48
962.5340692734785 49
965.804533066973 50
962.4469546782835 51
962.2864052743558 52
962.2282993162576 53
962.3135582779388 55
961.8912822325825 56
962.018007403598 57
961.7953014653278 58
964.0200143136758 60
962.6228220900587 61
963.0388285532426 62
962.6928064401761 63
962.6796672603742 64
962.1265427115491 65
962.5335555400276 67
961.9011151057234 68
961.943029598088 69
961.8678271135109 70
961.9882573878804 71
961.8614496803955 72
961.8712104988914 73
962.1446685501065 74
961.7810953674386 76
962.2369785703274 77
961.8802845826391 78
961.8309188340558 79
961.72119960872 81
961.7373160748907 82
961.72012056617 83
961.7524086076636 84
961.8238083521924 85
961.7271517652664 87
961.7271517652664 88
961.7533934901579 89
961.8042983617939 90
961.7264794583706 91
961.8658426502294 92
961.7324845415674 93
961.7964112045736 96
961.78385162138 97
961.7526752174413 101
961.7173754369587 102
961.7221918929358 106
961.7360968166333 108
961.7163170804212 109
961.7223376965597 110
961.7242462800201 112
961.7221221682886 113
961.7201745917156 114
961.7184305995121 117
961.7165118330208 119
961.7192198302835 120
961.716231329415 121
961.7167826054132 122
961.7152501489584 123
961.7152501489584 124
961.7152501489584 125
961.7152501489584 126
961.7152501489584 127
961.7152501489584 128
961.7152501489584 129
961.7152501489584 130
961.7152501489584 131
961.7152501489584 132
961.7151290022182 133
961.7151290022182 134
961.7151290022182 135
961.7151290022182 136
961.7151290022182 137
961.7151290022182 138
961.7151290022182 139
961.7151290022182 140
961.7151290022182 141
961.7151290022182 142
961.7151290022182 143
961.7151290022182 144
961.7151290022182 145
961.7151175216899 146
961.7151175216899 147
961.7151175216899 148
961.7151072765663 149
961.7151072765663 150
961.7151072765663 151
961.7151072765663 152
961.7151072765663 153
961.7151072765663 154
961.7151072765663 155
961.7151072765663 156
961.7150806289442 157
961.7150659738379 158
961.7150659738379 159
961.7150659738379 160
961.7150659738379 161
961.7150659738379 162
961.7150521767277 163
961.7150503601546 164
961.7150330515811 165
961.7150330515811 166
961.7150330515811 167
961.7150330515811 168
961.7150330515811 169
961.7150330515811 170
961.7150330515811 171
961.7150330515811 172
961.7150330515811 173
961.7150302388488 174
961.7150302388488 175
961.715025151564 176
961.715025151564 177
961.715025151564 178
961.715025151564 179
961.715025151564 180
961.715025151564 181
961.715025151564 182
961.715025151564 183
961.715025151564 184
961.7150241133639 185
961.7150241133639 186
961.7150241133639 187
961.7150241133639 188
961.7150236984611 189
961.7150236984611 190
961.7150236984611 191
961.7150236984611 192
961.7150236984611 193
961.7150236984611 194
961.7150236984611 195
961.7150229987565 196
961.7150229987565 197
961.7150229987565 198
961.7150229987565 199
961.7150229317456 200
961.7150229317456 201
961.7150229317456 202
961.7150229317456 203
961.7150228263404 204
961.7150225373975 205
961.7150225373975 206
961.7150225373975 207
961.7150225373975 208
961.7150225373975 209
961.7150225373975 210
961.7150225373975 211
961.7150225373975 212
961.7150224597455 213
961.7150224597455 214
961.7150224597455 215
961.7150224597455 216
961.7150224586421 217
961.7150224558061 218
961.7150223804606 219
961.7150223581255 220
961.7150223581255 221
961.7150223581255 222
961.7150223581255 223
961.7150223534767 224
961.7150223534767 225
961.7150223534767 226
961.7150223534767 227
961.7150223534767 228
961.7150223534767 229
961.7150223534767 230
961.7150223534767 231
961.7150223534767 232
961.7150223534767 233
961.7150223048361 234
961.7150223048361 235
961.7150223048361 236
961.7150223048361 237
961.7150223048361 238
961.7150223048361 239
961.7150223048361 240
961.7150223048361 241
961.715022296799 242
961.715022296799 243
961.715022296799 244
961.715022296799 245
961.715022296799 246
961.7150222959508 247
961.7150222959508 248
961.7150222959508 249
961.7150222959508 250
961.7150222935992 251
961.7150222922266 252
961.715022290602 253
961.7150222900918 254
961.7150222900918 255
961.7150222900918 256
961.7150222900918 257
961.7150222900918 258
961.7150222900918 259
961.7150222900918 260
961.7150222900918 261
961.7150222900918 262
961.7150222900918 263
961.7150222900918 264
961.7150222900918 265
961.7150222900918 266
961.7150222900918 267
961.7150222900918 268
961.7150222900918 269
961.7150222900918 270
961.7150222900918 271
961.7150222900918 272
961.7150222900918 273
961.7150222900918 274
961.7150222900918 275
961.7150222900918 276
961.7150222900918 277
961.7150222900918 278
961.7150222900918 279
961.7150222900918 280
961.7150222900918 281
961.7150222900918 282
961.7150222900918 283
961.7150222900918 284
961.7150222900918 285
961.7150222900918 286
961.7150222900918 287
961.7150222900918 288
961.7150222900918 289
961.7150222900918 290
961.7150222900918 291
961.7150222900918 292
961.7150222900918 293
961.7150222900918 294
961.7150222900918 295
961.7150222900918 296
961.7150222900918 297
961.7150222900918 298
961.7150222900918 299
961.7150222900918 300
961.7150222900918 301
961.7150222900918 302
961.7150222900918 303
961.7150222900918 304
961.7150222900918 305
961.7150222900918 306
961.7150222900918 307
961.7150222900918 308
961.7150222900918 309
961.7150222900918 310
961.7150222900918 311
961.7150222900918 312
961.7150222900918 313
961.7150222900918 314
961.7150222900918 315
961.7150222900918 316
961.7150222900918 317
961.7150222900918 318
961.7150222900918 319
961.7150222900918 320
961.7150222900918 321
961.7150222900918 322
961.7150222900918 323
961.7150222900918 324
961.7150222900918 325
961.7150222900918 326
961.7150222900918 327
961.7150222900918 328
961.7150222900918 329
961.7150222900918 330
961.7150222900918 331
961.7150222900561 332
961.7150222900389 333
961.7150222900389 334
961.7150222900077 335
961.7150222900077 336
961.7150222900077 337
961.7150222900077 338
