616.0139851832441 0
1561.8262702738114 1
1697.3426233544546 2
369.87307814977214 3
1853.5834958562136 4
616.7599250045657 5
706.2863975987308 6
691.620384554616 7
434.4224800995405 8
645.6571101183184 9
245.581718878244 10
481.54844727562016 11
223.86825877355244 12
334.8690226701684 13
611.3671383763494 14
954.7292114550603 15
252.49154107223967 16
107.51078385262932 17
141.08542166309695 18
469.4337774003832 19
805.9424065910382 20
223.6250540354259 21
408.47996097533746 22
166.40625971177096 23
166.40625971177096 24
166.40625971177096 25
166.40625971177096 26
166.40625971177096 27
166.40625971177096 28
166.40625971177096 29
155.83298926494345 30
155.3394432479294 31
155.3394432479294 32
155.3394432479294 33
155.3394432479294 34
155.3394432479294 35
155.3394432479294 36
125.20361862841553 37
123.58840020705279 38
123.58840020705279 39
123.58840020705279 40
104.88942289401137 41
69.43517217027757 42
69.41626853455834 43
69.41626853455834 44
69.41626853455834 45
69.41626853455834 46
62.69482917447726 47
62.69482917447726 48
62.69482917447726 49
62.69482917447726 50
62.69482917447726 51
62.69482917447726 52
62.69482917447726 53
62.69482917447726 54
59.165319190429244 55
59.165319190429244 56
59.165319190429244 57
54.368555648899715 58
54.368555648899715 59
52.761264745701105 60
51.48711724245939 61
51.48711724245939 62
50.90159939614275 63
38.13221213329065 64
38.13221213329065 65
38.13221213329065 66
38.13221213329065 67
38.13221213329065 68
38.13221213329065 69
38.13221213329065 70
38.13221213329065 71
38.13221213329065 72
38.13221213329065 73
38.13221213329065 74
34.232233168123116 75
34.232233168123116 76
34.232233168123116 77
34.232233168123116 78
34.232233168123116 79
34.232233168123116 80
34.232233168123116 81
34.232233168123116 82
34.232233168123116 83
34.232233168123116 84
34.232233168123116 85
34.200063709644105 86
34.200063709644105 87
34.200063709644105 88
34.200063709644105 89
34.200063709644105 90
33.845256140302844 91
32.09467645651622 92
32.09467645651622 93
32.09467645651622 94
32.09467645651622 95
32.09467645651622 96
32.09467645651622 97
32.09467645651622 98
32.09467645651622 99
30.817195915159367 100
30.817195915159367 101
30.817195915159367 102
30.47685179374902 103
30.47685179374902 104
30.47685179374902 105
30.47685179374902 106
29.490730059033098 107
29.490730059033098 108
29.490730059033098 109
28.4002247075517 110
28.4002247075517 111
28.15095608999971 112
28.15095608999971 113
28.15095608999971 114
28.15095608999971 115
28.072513163632294 116
27.74339950476967 117
27.55877402448442 118
27.55877402448442 119
27.55877402448442 120
27.55877402448442 121
27.55877402448442 122
27.55877402448442 123
27.55877402448442 124
27.55877402448442 125
27.55877402448442 126
26.88289647723896 127
26.88289647723896 128
26.88289647723896 129
26.734364469997047 130
26.374187594179737 131
26.35628833476057 132
26.22663002632011 133
25.341842318820326 134
25.341842318820326 135
25.341842318820326 136
25.306384606548143 137
25.306384606548143 138
25.306384606548143 139
25.306384606548143 140
25.306384606548143 141
25.306384606548143 142
25.306384606548143 143
25.119884091981504 144
25.119884091981504 145
25.086773237585682 146
25.086773237585682 147
24.889627254183452 148
24.889627254183452 149
24.889627254183452 150
24.889627254183452 151
24.766833064309942 152
24.766833064309942 153
24.766833064309942 154
24.766833064309942 155
24.605840565599223 156
24.605840565599223 157
24.565583477837194 158
24.565583477837194 159
24.565583477837194 160
24.565583477837194 161
24.565583477837194 162
24.565583477837194 163
24.565583477837194 164
24.565583477837194 165
24.565583477837194 166
24.565583477837194 167
24.53072265082367 168
24.514974423631102 169
24.514974423631102 170
24.514974423631102 171
24.514974423631102 172
24.514974423631102 173
24.514974423631102 174
24.514974423631102 175
24.514974423631102 176
24.514974423631102 177
24.472689570085464 178
24.463984061124577 179
24.46050772645635 180
24.46050772645635 181
24.43453347310769 182
24.43453347310769 183
24.42892541904932 184
24.42892541904932 185
24.42892541904932 186
24.42892541904932 187
24.42892541904932 188
24.4075381469019 189
24.4075381469019 190
24.4075381469019 191
24.389399256929565 192
24.389399256929565 193
24.383847393391953 194
24.38321606536816 195
24.378826133553417 196
24.377068495380833 197
24.3769480972228 198
24.37423524055305 199
24.3650613385105 200
24.360958967841526 201
24.35450039117049 202
24.351326690651376 203
24.349129408513896 204
24.347773301936193 205
24.3452912080732 206
24.343890548311833 207
24.337203587564687 208
24.337203587564687 209
24.337203587564687 210
24.336563674467783 211
24.335820360712866 212
24.335021543166377 213
24.32832641389608 214
24.327054193873693 215
24.327054193873693 216
24.32514965620196 217
24.32514965620196 218
24.32514965620196 219
24.32514965620196 220
24.32067789869383 221
24.32067789869383 222
24.32067789869383 223
24.32051733675118 224
24.317487712228584 225
24.317487712228584 226
24.315869810699283 227
24.315814079511853 228
24.313677377525558 229
24.313677377525558 230
24.313677377525558 231
24.313677377525558 232
24.312835115240688 233
24.31123645378922 234
24.31123645378922 235
24.310106699543773 236
24.30977694970141 237
24.30967627539387 238
24.308266666323192 239
24.308266666323192 240
24.308266666323192 241
24.308266666323192 242
24.308266666323192 243
24.308266666323192 244
24.308266666323192 245
24.308266666323192 246
24.308266666323192 247
24.308266666323192 248
24.308266666323192 249
24.307973736307304 250
24.307973736307304 251
24.307973736307304 252
24.307895130750047 253
24.307895130750047 254
24.307895130750047 255
24.307895130750047 256
24.307895130750047 257
24.30758015300397 258
24.30758015300397 259
24.30758015300397 260
24.30758015300397 261
24.30758015300397 262
24.30758015300397 263
24.30758015300397 264
24.30758015300397 265
24.30758015300397 266
24.30758015300397 267
24.307571002232848 268
24.307409533092404 269
24.307066771885566 270
24.307066771885566 271
24.307066771885566 272
24.307066771885566 273
24.307066771885566 274
24.307066771885566 275
24.306948496372932 276
24.306948496372932 277
24.306877314659857 278
24.30682565862555 279
24.30682565862555 280
24.306675813458796 281
24.306668828105387 282
24.306668828105387 283
24.306575550890315 284
24.30646484694053 285
24.30646484694053 286
24.30646484694053 287
24.30646484694053 288
24.30646484694053 289
24.30646484694053 290
24.306435774303708 291
24.306435774303708 292
24.306435774303708 293
24.306435774303708 294
24.306395966836945 295
24.306395966836945 296
24.306395966836945 297
24.306395966836945 298
24.30635523132159 299
24.30635523132159 300
24.30635523132159 301
24.30635523132159 302
24.30635523132159 303
24.30635523132159 304
24.30635523132159 305
24.30635523132159 306
24.30635523132159 307
24.30635523132159 308
24.30635523132159 309
24.30635523132159 310
24.30635523132159 311
24.306351410415786 312
24.306316622751382 313
24.306316622751382 314
24.306316622751382 315
24.306316622751382 316
24.306316622751382 317
24.306316622751382 318
24.306316622751382 319
24.306316622751382 320
24.30630554131944 321
24.30630554131944 322
24.30630554131944 323
24.30630554131944 324
24.30630554131944 325
24.30630554131944 326
24.306298992431024 327
24.306288858929193 328
24.306284403648732 329
24.306281114111258 330
24.306263659571215 331
24.306249746855947 332
24.306249746855947 333
24.306249746855947 334
24.306249746855947 335
24.306249746855947 336
24.306249746855947 337
24.306248800956155 338
24.306248800956155 339
24.306248800956155 340
24.306245436938994 341
24.306239959672766 342
24.306235387909986 343
24.306235387909986 344
24.306234170232273 345
24.306230823930434 346
24.306227338426943 347
24.306227338426943 348
24.306227338426943 349
24.306225646148363 350
24.30622123702708 351
24.30622123702708 352
24.30622123702708 353
24.30622123702708 354
24.306220687245897 355
24.306218798557545 356
24.306218798557545 357
24.306218798557545 358
24.306218798557545 359
24.306218798557545 360
24.306218798557545 361
24.306218798557545 362
24.306218798557545 363
24.306218798557545 364
24.306218798557545 365
24.306217839143585 366
24.306217839143585 367
24.306217839143585 368
24.306217839143585 369
24.306217839143585 370
24.306217839143585 371
24.306217839143585 372
24.30621568539832 373
24.30621568539832 374
24.30621568539832 375
24.306213858323567 376
24.306213858323567 377
24.306213858323567 378
24.306213858323567 379
24.306213858323567 380
24.306213858323567 381
24.306213858323567 382
24.306213858323567 383
24.306213858323567 384
24.306213601048427 385
24.306213601048427 386
24.306213601048427 387
24.306213601048427 388
24.306213319843295 389
24.306213319843295 390
24.306212716671958 391
24.306212000060093 392
24.30621196168319 393
24.30621196168319 394
24.306211955312264 395
24.306211712566537 396
24.306211712566537 397
24.306211712566537 398
24.306211712566537 399
24.306211712566537 400
24.306211712566537 401
24.306211712566537 402
24.306211712566537 403
24.306211712566537 404
24.306211427393634 405
24.306211311425486 406
24.306211311425486 407
24.306211171245437 408
24.306211171245437 409
24.306211171245437 410
24.306210919382977 411
24.306210919382977 412
24.306210919382977 413
24.306210656632814 414
24.306210656632814 415
24.306210656632814 416
24.306210656632814 417
24.306210573335434 418
24.306210481973757 419
24.306210481973757 420
24.306210456026562 421
24.306210232506174 422
24.306210127711836 423
24.306210127711836 424
24.306210127711836 425
24.306210127711836 426
24.306210127711836 427
24.306209865092043 428
24.306209865092043 429
24.306209865092043 430
24.306209865092043 431
24.306209865092043 432
24.306209594772938 433
24.306209594772938 434
24.306209594772938 435
24.306209594772938 436
24.306209594772938 437
24.306209594772938 438
24.306209594772938 439
24.306209594772938 440
24.306209592796534 441
24.306209408017963 442
24.306209408017963 443
24.306209408017963 444
24.306209402200338 445
24.306209399294588 446
24.306209399294588 447
24.306209399294588 448
24.30620936309799 449
24.306209362053636 450
24.30620932177822 451
24.306209257223998 452
24.306209257223998 453
24.306209257223998 454
24.306209257223998 455
24.306209257223998 456
24.306209236542237 457
24.306209236542237 458
24.306209236542237 459
24.306209236542237 460
24.306209236542237 461
24.306209236542237 462
24.306209236542237 463
24.30620922636787 464
24.306209195996033 465
24.306209172492046 466
24.306209172492046 467
24.306209159906302 468
24.306209159906302 469
24.306209159906302 470
24.306209159906302 471
24.306209159906302 472
24.30620914886496 473
24.306209148312412 474
24.306209146748486 475
24.30620912791524 476
24.30620912791524 477
24.30620912791524 478
24.30620912791524 479
24.30620912791524 480
24.30620912791524 481
24.30620912791524 482
24.30620912791524 483
24.30620912791524 484
24.30620912791524 485
24.30620912791524 486
24.30620912791524 487
24.30620912791524 488
24.30620912791524 489
24.30620912791524 490
24.306209122085278 491
24.306209122085278 492
24.306209122085278 493
24.306209122085278 494
24.306209122085278 495
24.306209122085278 496
24.30620911440144 497
24.30620911440144 498
24.30620911440144 499
24.30620911440144 500
24.30620911440144 501
24.30620911440144 502
24.30620911440144 503
24.30620910070352 504
24.30620910070352 505
24.30620910070352 506
24.30620910070352 507
24.30620910070352 508
24.30620910070352 509
24.30620910070352 510
24.30620910070352 511
24.30620910070352 512
24.30620910070352 513
24.30620910070352 514
24.30620910070352 515
24.30620910070352 516
24.30620910070352 517
24.306209096929223 518
24.306209090976935 519
24.306209090976935 520
24.30620909063009 521
24.30620909063009 522
24.306209088809453 523
24.306209088809453 524
24.306209085855222 525
24.306209085855222 526
24.30620908302339 527
24.30620908302339 528
24.30620908302339 529
24.30620908302339 530
24.30620908302339 531
24.30620908302339 532
24.30620908153133 533
24.30620908033964 534
24.30620907974435 535
24.30620907974435 536
24.306209078834982 537
24.306209078295986 538
24.306209078295986 539
24.306209077451726 540
24.30620907561773 541
24.306209074470516 542
24.306209074470516 543
24.306209074470516 544
24.306209074470516 545
24.306209074125597 546
24.30620907392737 547
24.30620907296327 548
24.30620907155629 549
24.30620907155629 550
24.30620907155629 551
24.30620907155629 552
24.30620907155629 553
24.30620907155629 554
24.30620907155629 555
24.30620907155629 556
24.30620907155629 557
24.30620907136992 558
24.30620907114509 559
24.306209070586405 560
24.306209070586405 561
24.306209070586405 562
24.306209070586405 563
24.306209070485764 564
24.30620907023119 565
24.30620907023119 566
24.30620907023119 567
24.30620907023119 568
24.30620907016271 569
24.30620907016271 570
24.30620907000673 571
24.30620907000673 572
24.306209069866142 573
24.306209069728375 574
24.306209069728375 575
24.30620906971282 576
24.306209069426856 577
24.306209069426856 578
24.306209069426856 579
24.306209069426856 580
24.30620906936349 581
24.306209069362254 582
24.306209069362254 583
24.306209069320076 584
24.306209069320076 585
24.30620906931526 586
24.30620906931526 587
24.30620906931526 588
24.30620906931526 589
24.306209069276008 590
24.30620906917494 591
24.30620906917494 592
24.30620906917494 593
24.306209069164538 594
24.306209069164538 595
24.306209069093867 596
24.306209069093867 597
24.306209069093867 598
24.306209069093867 599
24.30620906909096 600
24.30620906906141 601
24.30620906906141 602
24.306209069015686 603
24.306209069011288 604
24.30620906896432 605
24.306209068930485 606
24.306209068914605 607
24.306209068898312 608
24.30620906886034 609
24.306209068850727 610
24.306209068802318 611
24.306209068752224 612
24.306209068744963 613
24.306209068668032 614
24.306209068619808 615
24.30620906859771 616
24.30620906858198 617
24.306209068521767 618
24.306209068517475 619
24.30620906845168 620
24.30620906845168 621
24.306209068415306 622
24.306209068415306 623
24.30620906836424 624
24.30620906836424 625
24.306209068330524 626
24.306209068312157 627
24.306209068312086 628
24.306209068308448 629
24.30620906830775 630
24.30620906828848 631
24.306209068281362 632
24.306209068273596 633
24.306209068273596 634
24.3062090682703 635
24.3062090682703 636
24.306209068259108 637
24.306209068259108 638
24.30620906824859 639
24.306209068243035 640
24.306209068243035 641
24.306209068239063 642
24.306209068239063 643
24.306209068235916 644
24.306209068235916 645
24.306209068229506 646
24.306209068219324 647
24.306209068215196 648
24.306209068215196 649
24.306209068215196 650
24.306209068215196 651
24.30620906821349 652
24.3062090682088 653
24.3062090682088 654
24.3062090682088 655
24.3062090682088 656
24.306209068207217 657
24.306209068207217 658
24.306209068205106 659
24.306209068205106 660
24.306209068202392 661
24.306209068201028 662
24.306209068200346 663
