-0.3073700587521193 0
-1.5930951178267163 1
-1.2204389081760034 2
-1.5244021699592434 3
-1.5244021699592434 4
-1.5244021699592434 5
-1.5715889121462823 6
-1.5715889121462823 7
-1.5715889121462823 8
-1.5715889121462823 9
-1.594365131212217 10
-1.594365131212217 11
-1.594365131212217 12
-1.594365131212217 13
-1.594365131212217 14
-1.594365131212217 15
-1.6977096941512793 16
-1.7211089994076305 17
-1.7211089994076305 18
-1.7211089994076305 19
-1.7211089994076305 20
-1.7211089994076305 21
-1.7211089994076305 22
-1.7211089994076305 23
-1.7211089994076305 24
-1.7211089994076305 25
-1.7211089994076305 26
-1.8057506849549299 27
-1.8057506849549299 28
-1.8057506849549299 29
-1.8057506849549299 30
-1.8057506849549299 31
-1.8057506849549299 32
-1.8057506849549299 33
-1.841319313594738 34
-1.841319313594738 35
-1.841319313594738 36
-1.841319313594738 37
-1.841319313594738 38
-1.841319313594738 39
-1.841319313594738 40
-1.841319313594738 41
-1.841319313594738 42
-1.841319313594738 43
-1.841319313594738 44
-1.841319313594738 45
-1.841319313594738 46
-1.841319313594738 47
-1.841319313594738 48
-1.841319313594738 49
-1.841319313594738 50
-1.841319313594738 51
-1.841319313594738 52
-1.841319313594738 53
-1.841319313594738 54
-1.841319313594738 55
-1.841319313594738 56
-1.841319313594738 57
-1.841319313594738 58
-1.841319313594738 59
-1.841319313594738 60
-1.841319313594738 61
-1.841319313594738 62
-1.841319313594738 63
-1.841319313594738 64
-1.841319313594738 65
-1.841319313594738 66
-1.841319313594738 67
-1.841319313594738 68
-1.841319313594738 69
-1.841319313594738 70
-1.841319313594738 71
-1.841319313594738 72
-1.841319313594738 73
-1.841319313594738 74
-1.841319313594738 75
-1.841319313594738 76
-1.841319313594738 77
-1.841319313594738 78
-1.841319313594738 79
-1.841319313594738 80
-1.841319313594738 81
-1.841319313594738 82
-1.841319313594738 83
-1.841319313594738 84
-1.841319313594738 85
-1.841319313594738 86
-1.841319313594738 87
-1.841319313594738 88
-1.8516504287555478 89
-1.8516504287555478 90
-1.854595790557335 91
-1.854595790557335 92
-1.854595790557335 93
-1.854595790557335 94
-1.8803549835412188 95
-1.8803549835412188 96
-1.8803549835412188 97
-1.8803549835412188 98
-1.8803549835412188 99
-1.8803549835412188 100
-1.8803549835412188 101
-1.8803549835412188 102
-1.8803549835412188 103
-1.8803549835412188 104
-1.8803549835412188 105
-1.8803549835412188 106
-1.8803549835412188 107
-1.8803549835412188 108
-1.8803549835412188 109
-1.8807049748897704 110
-1.8807049748897704 111
-1.88278542099059 112
-1.8869171250198828 113
-1.8869171250198828 114
-1.890146183709306 115
-1.890146183709306 116
-1.8939127455718987 117
-1.8939127455718987 118
-1.8970108051663903 119
-1.8970108051663903 120
-1.8970108051663903 121
-1.8970108051663903 122
-1.898998051954405 123
-1.898998051954405 124
-1.898998051954405 125
-1.898998051954405 126
-1.898998051954405 127
-1.898998051954405 128
-1.8991352429563548 129
-1.8991352429563548 130
-1.8991352429563548 131
-1.8991352429563548 132
-1.8991352429563548 133
-1.8993472887797482 134
-1.8993472887797482 135
-1.8993472887797482 136
-1.8993472887797482 137
-1.9021386771112363 138
-1.9021386771112363 139
-1.9021386771112363 140
-1.9021386771112363 141
-1.9021386771112363 142
-1.9021386771112363 143
-1.9021386771112363 144
-1.9021386771112363 145
-1.9021942321073553 146
-1.9021942321073553 147
-1.9021942321073553 148
-1.9026173671275473 149
-1.9026173671275473 150
-1.9026173671275473 151
-1.9026173671275473 152
-1.903787916465558 153
-1.903787916465558 154
-1.903787916465558 155
-1.9038647593663516 156
-1.9038647593663516 157
-1.9041297462161966 158
-1.9041297462161966 159
-1.9041297462161966 160
-1.9041297462161966 161
-1.9041297462161966 162
-1.9041297462161966 163
-1.9041297462161966 164
-1.9041297462161966 165
-1.9041297462161966 166
-1.9041297462161966 167
-1.9041297462161966 168
-1.9041954198318676 169
-1.904617329390593 170
-1.904617329390593 171
-1.904617329390593 172
-1.904617329390593 173
-1.904617329390593 174
-1.9046595095538423 175
-1.9046595095538423 176
-1.9046595095538423 177
-1.9047227752775289 178
-1.9047227752775289 179
-1.904773085056208 180
-1.9049167822786028 181
-1.9049167822786028 182
-1.9049167822786028 183
-1.9049167822786028 184
-1.904999047780704 185
-1.904999047780704 186
-1.904999047780704 187
-1.904999047780704 188
-1.904999047780704 189
-1.904999047780704 190
-1.904999047780704 191
-1.904999047780704 192
-1.904999047780704 193
-1.904999047780704 194
-1.904999047780704 195
-1.904999047780704 196
-1.904999047780704 197
-1.904999047780704 198
-1.9050195329932533 199
-1.9050195329932533 200
-1.9050195329932533 201
-1.9050195329932533 202
-1.9050464035649446 203
-1.9050464035649446 204
-1.9050546590447928 205
-1.9050546590447928 206
-1.9050689565247492 207
-1.9050689565247492 208
-1.9050689565247492 209
-1.9050689565247492 210
-1.9050689565247492 211
-1.9050796450823793 212
-1.9051158093554657 213
-1.9051158093554657 214
-1.9051158093554657 215
-1.9051158093554657 216
-1.9051158093554657 217
-1.9051158093554657 218
-1.905119543288575 219
-1.905129376833587 220
-1.9051339832472927 221
-1.9051339832472927 222
-1.9051339832472927 223
-1.9051339832472927 224
-1.9051339832472927 225
-1.9051339832472927 226
-1.9051339832472927 227
-1.9051339832472927 228
-1.9051339832472927 229
-1.9051339832472927 230
-1.9051339832472927 231
-1.9051339832472927 232
-1.9051391062231904 233
-1.9051391062231904 234
-1.9051391062231904 235
-1.9051391062231904 236
-1.9051391062231904 237
-1.9051391062231904 238
-1.9051391062231904 239
-1.9051391062231904 240
-1.9051391062231904 241
-1.9051391062231904 242
-1.9051391062231904 243
-1.9051391062231904 244
-1.9051391062231904 245
-1.9051418069545596 246
-1.9051418069545596 247
-1.9051418069545596 248
-1.9051418069545596 249
-1.9051418069545596 250
-1.9051418069545596 251
-1.9051418069545596 252
-1.9051418069545596 253
-1.9051418069545596 254
-1.9051418069545596 255
-1.9051435135278236 256
-1.9051463135916622 257
-1.9051494728983878 258
-1.9051494728983878 259
-1.9051494728983878 260
-1.9051494728983878 261
-1.9051494728983878 262
-1.9051494728983878 263
-1.9051494728983878 264
-1.9051501367821393 265
-1.9051516131028192 266
-1.9051516131028192 267
-1.9051516131028192 268
-1.9051521611009399 269
-1.9051521611009399 270
-1.90515289778582 271
-1.9051533472159017 272
-1.9051533472159017 273
-1.9051533472159017 274
-1.9051535288653785 275
-1.905153692169545 276
-1.905153692169545 277
-1.9051540579908233 278
-1.9051540579908233 279
-1.9051540579908233 280
-1.9051541788218183 281
-1.9051542195805373 282
-1.9051542195805373 283
-1.9051542705733402 284
-1.9051543936256765 285
-1.9051546489387903 286
-1.9051546489387903 287
-1.9051546489387903 288
-1.9051548172846617 289
-1.9051549448645266 290
-1.9051549448645266 291
-1.9051549448645266 292
-1.9051549993229333 293
-1.9051549993229333 294
-1.9051549993229333 295
-1.905155126770941 296
-1.905155126770941 297
-1.905155126770941 298
-1.905155126770941 299
-1.905155126770941 300
-1.905155126770941 301
-1.905155126770941 302
-1.905155126770941 303
-1.905155126770941 304
-1.905155126770941 305
-1.905155126770941 306
-1.905155126770941 307
-1.905155126770941 308
-1.905155126770941 309
-1.905155126770941 310
-1.9051551269026925 311
-1.9051551354074956 312
-1.905155158866557 313
-1.905155158866557 314
-1.905155158866557 315
-1.905155158866557 316
-1.905155158866557 317
-1.905155158866557 318
-1.905155158866557 319
-1.905155158866557 320
-1.905155158866557 321
-1.905155158866557 322
-1.905155158866557 323
-1.905155158866557 324
-1.905155158866557 325
-1.905155158866557 326
-1.905155158866557 327
-1.905155158866557 328
-1.905155158866557 329
-1.905155158866557 330
-1.905155158866557 331
-1.905155158866557 332
-1.9051551830146876 333
-1.9051551882847564 334
-1.9051551890478642 335
-1.9051551997018734 336
-1.9051552089372263 337
-1.9051552117121444 338
-1.9051552190874252 339
-1.905155244307986 340
-1.905155244307986 341
-1.905155244307986 342
-1.905155244307986 343
-1.905155244307986 344
-1.905155244307986 345
-1.905155244307986 346
-1.905155244307986 347
-1.905155244307986 348
-1.905155244307986 349
-1.905155244307986 350
-1.905155244307986 351
-1.905155244307986 352
-1.905155249216822 353
-1.905155250190501 354
-1.9051552502951434 355
-1.9051552524308102 356
-1.9051552524308102 357
-1.9051552524308102 358
-1.9051552524308102 359
-1.905155253999987 360
-1.9051552544465125 361
-1.9051552544465125 362
-1.9051552544465125 363
-1.9051552544465125 364
-1.9051552557820122 365
-1.9051552558356235 366
-1.9051552558356235 367
-1.9051552558356235 368
-1.9051552565079293 369
-1.9051552565079293 370
-1.9051552565079293 371
-1.9051552565079293 372
-1.9051552565079293 373
-1.905155256545771 374
-1.9051552570936137 375
-1.9051552573589001 376
-1.9051552575991053 377
-1.9051552575991053 378
-1.9051552575991053 379
-1.9051552575991053 380
-1.9051552575991053 381
-1.9051552575991053 382
-1.9051552575991053 383
-1.9051552575991053 384
-1.9051552578892696 385
-1.9051552578892696 386
-1.9051552578892696 387
-1.9051552578892696 388
-1.9051552578892696 389
-1.9051552578892696 390
-1.9051552578892696 391
-1.9051552578892696 392
-1.9051552578892696 393
-1.9051552578892696 394
-1.9051552578892696 395
-1.9051552578892696 396
-1.9051552579587572 397
-1.9051552579587572 398
-1.9051552579587572 399
-1.9051552579587572 400
-1.9051552579956867 401
-1.9051552579956867 402
-1.9051552579956867 403
-1.9051552580813 404
-1.9051552580813 405
-1.9051552580813 406
-1.9051552580813 407
-1.9051552580813 408
-1.905155258153644 409
-1.905155258153644 410
-1.905155258153644 411
-1.9051552581911668 412
-1.905155258244612 413
-1.905155258244612 414
-1.9051552583155296 415
-1.9051552583155296 416
-1.9051552583155296 417
-1.9051552583155296 418
-1.9051552583155296 419
-1.9051552583155296 420
-1.9051552583155296 421
-1.9051552583480982 422
-1.9051552583913853 423
-1.9051552583990832 424
-1.9051552583990832 425
-1.9051552583990832 426
-1.9051552583990832 427
-1.9051552583990832 428
-1.9051552583990832 429
-1.9051552583990832 430
-1.9051552583990832 431
-1.9051552583990832 432
-1.905155258455821 433
-1.905155258455821 434
-1.905155258470626 435
-1.9051552584751983 436
-1.9051552584947045 437
-1.9051552584947045 438
-1.9051552584947045 439
-1.9051552584947045 440
-1.9051552584947045 441
-1.9051552584947045 442
