5365.560956335211 0
5925.266179606183 15
6188.620554859786 33
5509.374666486579 35
5525.967990860103 48
5363.241209270078 55
5232.610604440682 60
5546.947835082727 61
5182.442933048697 67
5136.626061332088 69
5163.386058910866 72
5132.530246673811 73
5146.848733212628 74
5135.369923844608 76
5241.250816532338 83
5138.393478554922 84
5145.031236257178 92
5147.501293988862 97
5129.371201157799 98
5261.661327796777 100
5131.40766169323 105
5133.893275866703 106
5136.302992671397 107
5154.061729980742 108
5131.3664732263205 109
5159.964898579523 110
5127.198431525865 111
5136.902596763561 113
5131.892319079698 114
5131.602165765356 132
5133.656205440247 135
5127.274593278483 137
5126.614894250333 141
5127.465136671895 146
5126.70944466888 153
5127.1297552881915 154
5126.722132334338 156
5126.595499251484 158
5126.50044138462 159
5126.981643605594 160
5126.516158266614 162
5130.0465197332305 163
5127.89780231996 164
5126.510649103322 168
5128.06925390805 171
5126.761113201368 173
5126.576214905206 177
5127.449945504769 179
5126.6892081978785 181
5126.528586537355 183
5126.617787579121 187
5126.521055736185 189
5126.510957201685 190
5126.520899328922 191
5126.528214521129 194
5126.550589597842 195
5126.57163333777 196
5126.5439073497855 198
5126.513878842978 199
5126.543554186632 200
5126.496906352937 201
5126.518040826197 202
5126.497420752194 203
5126.497420752194 204
5126.497420752194 205
5126.497420752194 206
5126.497420752194 207
5126.497420752194 208
5126.497420752194 209
5126.497420752194 210
5126.497420752194 211
5126.497420752194 212
5126.497420752194 213
5126.497420752194 214
5126.497420752194 215
5126.497420752194 216
5126.497420752194 217
5126.497420752194 218
5126.497420752194 219
5126.497420752194 220
5126.497420752194 221
5126.497420752194 222
5126.497420752194 223
5126.497420752194 224
5126.497420752194 225
5126.497420752194 226
5126.497420752194 227
5126.497420752194 228
5126.497079785779 229
5126.497079785779 230
5126.497079785779 231
5126.497079785779 232
5126.497079785779 233
5126.497079785779 234
5126.497079785779 235
5126.497079785779 236
5126.497079785779 237
5126.497079785779 238
5126.497079785779 239
5126.497012688831 240
5126.497012688831 241
5126.496992107233 242
5126.496992107233 243
5126.496866694964 244
5126.496865896186 245
5126.496865896186 246
5126.496865896186 247
5126.496865896186 248
5126.496844681678 249
5126.496844681678 250
5126.496844681678 251
5126.496803112766 252
5126.4967938022055 253
5126.4967938022055 254
5126.4967938022055 255
5126.4967938022055 256
5126.4967938022055 257
5126.4967938022055 258
5126.4967938022055 259
5126.4967938022055 260
5126.4967938022055 261
5126.496763327651 262
5126.496759642041 263
5126.496759642041 264
5126.496759642041 265
5126.496759642041 266
5126.496759642041 267
5126.496759642041 268
5126.496759642041 269
5126.496749210368 270
5126.496749210368 271
5126.496749210368 272
5126.496749210368 273
5126.496749210368 274
5126.496749210368 275
5126.496749210368 276
5126.496749210368 277
5126.496749210368 278
5126.496749210368 279
5126.496749210368 280
5126.496737581381 281
5126.496737581381 282
5126.496737581381 283
5126.496737581381 284
5126.496735445947 285
5126.496729243987 286
5126.496727402484 287
5126.496727402484 288
5126.496727402484 289
5126.496727402484 290
5126.496721740213 291
5126.496721740213 292
5126.496721740213 293
5126.496721740213 294
5126.496721740213 295
5126.496720978772 296
5126.496720978772 297
5126.496720978772 298
5126.4967194761575 299
5126.4967194761575 300
5126.496717591812 301
5126.496717449771 302
5126.496717316834 303
5126.496717316834 304
5126.496717316834 305
5126.496717316834 306
5126.496717316834 307
5126.496717316834 308
5126.496717316834 309
5126.496717316834 310
5126.496717316834 311
5126.496717316834 312
5126.496716343228 313
5126.496716343228 314
5126.496715874987 315
5126.49671539036 316
5126.49671539036 317
5126.49671502956 318
5126.49671502956 319
5126.49671502956 320
5126.49671502956 321
5126.4967144905295 322
5126.4967144905295 323
5126.496714366869 324
5126.496714366869 325
5126.496714366869 326
5126.496714366869 327
5126.496714366869 328
5126.496714336165 329
5126.496714336165 330
5126.496714329862 331
5126.496714329862 332
5126.496714257419 333
5126.496714257419 334
5126.496714176009 335
5126.49671413471 336
5126.49671413471 337
5126.49671413471 338
5126.4967140593235 339
5126.4967140593235 340
5126.4967140593235 341
5126.4967140593235 342
5126.4967140593235 343
5126.4967140593235 344
5126.4967140593235 345
5126.496714055554 346
5126.496714055554 347
5126.496714055554 348
5126.496714055554 349
5126.496714055554 350
5126.496714055554 351
5126.496714055554 352
5126.496714055554 353
5126.496714055554 354
5126.496714055554 355
5126.496714055554 356
5126.496714055554 357
5126.496714055554 358
5126.496714055554 359
5126.496714043813 360
5126.496714043813 361
5126.496714043813 362
5126.496714043813 363
5126.496714033306 364
5126.496714033306 365
5126.496714033306 366
5126.496714033306 367
5126.496714033306 368
5126.496714032588 369
5126.496714032588 370
5126.496714032588 371
5126.496714032588 372
5126.496714032588 373
5126.496714032588 374
5126.496714032588 375
5126.496714032588 376
5126.496714031315 377
5126.496714031315 378
5126.496714031315 379
5126.496714031315 380
5126.496714031315 381
5126.496714031315 382
5126.496714025199 383
5126.496714025199 384
5126.496714019227 385
5126.496714019227 386
5126.496714019227 387
5126.496714019086 388
5126.496714016817 389
5126.49671401534 390
5126.49671401416 391
5126.4967140138615 392
5126.4967140138615 393
5126.4967140138615 394
5126.4967140138615 395
5126.4967140138615 396
5126.4967140138615 397
5126.4967140138615 398
5126.4967140138615 399
5126.4967140138615 400
5126.496714010173 401
5126.496714010173 402
5126.496714010173 403
5126.496714010173 404
5126.496714010173 405
5126.496714010173 406
5126.496714010173 407
5126.496714010173 408
5126.496714010173 409
5126.496714010173 410
5126.496714010042 411
5126.496714010042 412
5126.496714009865 413
5126.496714009865 414
5126.496714009865 415
5126.49671400968 416
5126.49671400968 417
5126.496714008979 418
5126.496714008979 419
5126.496714008979 420
5126.496714008979 421
5126.496714008979 422
5126.496714008979 423
5126.496714008979 424
5126.496714008979 425
5126.496714008301 426
5126.496714008301 427
5126.496714008301 428
5126.496714008301 429
5126.496714008301 430
5126.496714008301 431
5126.496714008125 432
5126.496714008125 433
5126.496714008125 434
5126.496714008125 435
5126.496714008125 436
5126.496714008125 437
5126.496714007933 438
5126.496714007933 439
5126.496714007933 440
5126.496714007595 441
5126.496714007473 442
5126.496714007473 443
5126.496714007473 444
5126.496714007473 445
5126.496714007473 446
5126.496714007473 447
5126.496714007473 448
5126.496714007435 449
5126.496714007373 450
5126.496714007373 451
5126.496714007373 452
5126.496714007373 453
5126.496714007373 454
5126.496714007373 455
5126.496714007373 456
5126.496714007373 457
5126.496714007373 458
5126.496714007373 459
5126.496714007373 460
5126.496714007373 461
5126.496714007373 462
5126.496714007373 463
5126.496714007373 464
5126.496714007373 465
5126.496714007359 466
5126.496714007286 467
5126.496714007279 468
5126.496714007245 469
5126.496714007191 470
5126.496714007147 471
5126.496714007147 472
5126.496714007147 473
5126.496714007142 474
5126.496714007142 475
5126.496714007142 476
5126.496714007142 477
5126.496714007142 478
5126.496714007142 479
5126.496714007142 480
5126.496714007142 481
5126.496714007142 482
5126.496714007142 483
5126.496714007142 484
5126.496714007142 485
5126.496714007142 486
5126.496714007142 487
5126.496714007142 488
5126.496714007142 489
5126.496714007142 490
5126.496714007142 491
5126.496714007142 492
5126.496714007142 493
5126.496714007142 494
5126.496714007142 495
5126.496714007142 496
5126.496714007142 497
5126.496714007142 498
5126.496714007142 499
5126.496714007142 500
5126.496714007142 501
5126.496714007142 502
5126.496714007142 503
5126.496714007142 504
5126.496714007142 505
5126.496714007142 506
5126.496714007142 507
5126.496714007142 508
5126.496714007142 509
5126.496714007142 510
5126.496714007142 511
5126.496714007142 512
5126.496714007142 513
5126.496714007142 514
5126.496714007142 515
5126.496714007142 516
5126.496714007142 517
5126.496714007142 518
5126.496714007142 519
5126.496714007142 520
5126.496714007142 521
5126.496714007119 522
5126.496714007119 523
5126.496714007119 524
5126.496714007119 525
5126.496714007119 526
5126.496714007119 527
5126.496714007119 528
5126.496714007119 529
5126.496714007119 530
5126.496714007119 531
5126.496714007119 532
5126.496714007119 533
5126.496714007113 534
5126.496714007113 535
5126.496714007113 536
5126.496714007109 537
5126.496714007109 538
5126.496714007109 539
5126.496714007106 540
5126.496714007106 541
5126.496714007104 542
5126.496714007104 543
5126.496714007104 544
5126.496714007104 545
5126.496714007104 546
5126.496714007104 547
5126.496714007104 548
5126.496714007102 549
5126.496714007102 550
5126.496714007102 551
5126.496714007102 552
5126.496714007102 553
5126.496714007102 554
5126.496714007102 555
5126.496714007102 556
5126.496714007102 557
5126.496714007102 558
5126.496714007102 559
5126.496714007102 560
5126.496714007102 561
5126.496714007102 562
5126.496714007102 563
5126.496714007102 564
5126.496714007102 565
5126.496714007102 566
5126.496714007102 567
5126.496714007102 568
5126.496714007102 569
5126.496714007102 570
5126.496714007102 571
5126.496714007102 572
5126.496714007102 573
5126.496714007102 574
5126.496714007102 575
5126.496714007102 576
5126.496714007102 577
5126.496714007102 578
5126.496714007102 579
5126.496714007102 580
5126.496714007102 581
5126.496714007102 582
5126.496714007102 583
5126.496714007102 584
5126.496714007102 585
5126.496714007102 586
5126.496714007102 587
5126.496714007102 588
5126.496714007102 589
5126.496714007102 590
5126.496714007102 591
5126.496714007102 592
5126.496714007102 593
5126.496714007102 594
5126.496714007102 595
5126.496714007102 596
5126.496714007102 597
5126.496714007102 598
5126.496714007102 599
5126.496714007102 600
5126.496714007102 601
5126.496714007102 602
5126.496714007101 603
5126.496714007101 604
