11946.177757927508 0
10617.128066617994 1
17093.09350516306 2
6395.434695415601 3
11277.87462687544 4
11760.942463073512 5
5715.754360309573 6
7403.946138825169 7
4782.753316514517 8
12289.233705857532 9
9332.177476161274 10
7024.758001962742 11
10174.202657655831 12
19166.84011197676 13
7737.64041389166 14
10774.667512580503 15
9237.007943841852 16
14962.219819181317 17
3821.689556502358 18
3994.133612137213 19
6330.811803637009 20
5952.570803037754 21
4265.2173032447945 22
5162.940514562554 23
4191.964296541888 24
2874.435239620683 25
6628.640404015875 26
6012.024555312724 27
3068.748298113922 28
5643.863622293409 29
2222.5983813243774 30
3175.3100998798463 31
3669.4847424553345 32
4948.6814725505765 33
4776.906719328129 34
3158.8414629789354 35
4148.870283572913 36
4389.751572790583 37
3338.959242758706 38
5508.630982372117 39
6108.595710229833 40
7562.849752536396 41
5498.43415591547 42
7101.699872659714 43
7092.949760462508 44
5947.713430596683 45
5088.684137542726 46
6115.2291969079115 47
9821.229627665709 48
10792.800482410292 49
7342.018653970377 50
9776.785702107207 51
10545.93365898408 52
8852.525204829502 53
8246.542483511426 54
15022.049297649659 55
4005.893468111175 56
11478.912878887288 57
9683.588931933544 58
6061.826642791815 59
6134.738100588625 60
7440.179069570868 61
5374.279250568909 62
4362.934759465551 63
5034.576537212615 64
4574.101543901085 65
10887.961930377836 66
5494.113799676252 67
4901.351134507358 68
7777.304617546735 69
6305.535620886333 70
6204.608293586397 71
6401.282648142175 72
5288.320256328387 73
6068.115717490831 74
5964.399266292197 75
5500.427119104572 76
4902.2988119367 77
4941.717208189259 78
6254.340623372404 79
6702.247367643053 80
4341.433269925844 81
4150.289175239408 82
5849.347829494678 83
4424.581315930451 84
4829.589407091277 85
5877.482705268669 86
4216.99349282557 87
3947.5977591893698 88
4547.592595052416 89
3598.997006953295 90
3320.8296421027367 91
3725.983803805861 92
3039.556959004942 93
2646.4153945652934 94
5145.07363593952 95
3637.0687862565856 96
3621.342141720399 97
2213.7472393722483 98
2914.4791181101996 99
5380.868143404619 100
6215.38160134337 101
3557.9246532794746 102
6227.408027130146 103
4361.05077455969 104
5348.196665829054 105
3493.4324449968044 106
3989.8353985294225 107
3801.570659245342 108
4821.922148912675 109
5103.950019815596 110
5055.78328440711 111
5110.156182000914 112
4264.410897236629 113
4611.145115275821 114
4543.0756404298845 115
5028.655280625748 116
4763.142335897612 117
5129.188232362622 118
3645.5885631880524 119
3749.244572360516 120
4266.140408374619 121
3863.3733550458624 122
4861.212618689461 123
3881.3730191786462 124
3830.2149773071255 125
3706.7200658926786 126
4177.910749041872 127
3463.752375873292 128
3702.656635278273 129
4897.859623566901 130
5698.881352625619 131
3725.2975702587087 132
4415.333446584103 133
3786.046308956994 134
3493.869696007173 135
3993.53565507477 136
4108.083120110635 137
4090.694614737965 138
3763.3477460419235 139
4490.952743416054 140
3407.911256604691 141
4105.25938062475 142
4030.651671712478 143
3430.9961367022997 144
3603.5105784633733 145
4017.86249247772 146
3884.7142755400355 147
3565.702810330876 148
4154.843931333553 149
3314.648652877225 150
4335.910254706295 151
3111.1799834058866 152
3793.460302698603 153
3102.23132709198 154
3969.0254758357596 155
3312.0924984413828 156
3286.880058255939 157
3260.13291028787 158
3409.7072400909024 159
4017.3764113453453 160
3237.6897225929038 161
3098.533961858362 162
3158.7490282808653 163
3290.7980791415202 164
3304.3852804381145 165
3048.2711656459423 166
3201.1591478248906 167
3081.586045999171 168
3527.0216831471525 169
3438.409775791117 170
3131.334549305502 171
3211.494050803624 172
3099.9294260633346 173
2783.5704527192247 174
3096.4837987856586 175
3323.6750759729753 176
2990.0140711938216 177
3183.036289323956 178
3454.8355449517985 179
3323.429250296809 180
2935.877741085883 181
3121.592940172396 182
3121.9468043061843 183
3212.213531965188 184
3111.633377990702 185
3189.313258787027 186
2976.8022327780905 187
3036.2538274559433 188
2962.4352651716317 189
3025.600013454142 190
2941.1482020072563 191
2842.244001088534 192
3148.1875450717343 193
2783.5760113969613 194
2885.242337170276 195
2743.825037032537 196
2867.2227270721514 197
2880.8183021121986 198
2759.5998100279485 199
2739.5997270164185 200
2764.8188795655806 201
2663.1927444533667 202
2746.2970121400103 203
2676.4410606930023 204
2958.0420468196758 205
2867.8449588734884 206
2706.4612371209128 207
2651.242263352127 208
2751.2705734675014 209
2771.1623619218685 210
2602.8260922579 211
2576.9878512175283 212
2664.4883617199066 213
2873.184019642451 214
2695.350604733532 215
2366.2209507787165 216
2394.9880336161114 217
2320.5578240413097 218
2638.302607996118 219
2452.4262048822206 220
2392.38754391834 221
2200.9721071213344 222
2112.5733338136242 223
2509.0308028713835 224
2324.6451258428738 225
2002.3443270322841 226
2355.1641641443275 227
2068.511914551246 228
2313.2587511534816 229
2255.5592279972057 230
2034.7245434963365 231
2028.5670246233951 232
2089.2005526670246 233
2070.0087765225057 234
2069.76808744895 235
2110.688488102225 236
2119.197664760457 237
2016.1185493831522 238
2110.4898564459704 239
2084.5616873807808 240
2064.097289443941 241
2054.833128102351 242
2051.6329790217164 243
2081.021167701456 244
2064.9299284669573 245
2077.941278181383 246
2101.876103365179 247
2027.5752787484396 248
2056.1953922366138 249
2059.0381341443517 250
2092.7782403918627 251
2068.2928144817633 252
2064.288925116575 253
2113.4012855082487 254
2046.3054072823797 255
2148.573722547069 256
2032.5720798716425 257
2060.9646504498924 258
2081.1255424068595 259
2102.812948473891 260
2049.519229850923 261
2069.8602006312844 262
2113.6024961790795 263
2078.936314016735 264
2022.3186498622579 265
2055.945241478998 266
2010.6291533418262 267
1989.836552377133 268
2067.9921987339485 269
2027.504299803522 270
1954.8463389154258 271
2033.6711814890887 272
2021.138110554921 273
1983.806250684103 274
2041.181893442571 275
1984.634357194223 276
1962.2742331091988 277
1994.2752104771234 278
2011.39488114312 279
1988.3165069249842 280
2009.4051315145196 281
2076.805501882345 282
1992.586061769071 283
2001.7410397400567 284
2026.2716809928038 285
2025.6289479975853 286
1995.4372886741703 287
1996.8710581503635 288
2007.5562152264533 289
2025.3467560151937 290
1997.234308839576 291
1995.383626397449 292
2015.8259774383496 293
2012.678707540103 294
2044.6170251203773 295
1971.0300494685744 296
1937.9636424475973 297
1998.3564905531355 298
1985.7860578739958 299
2026.3601197288062 300
1996.279734219571 301
1960.159656665628 302
1950.3575661881528 303
1987.262753927885 304
1976.7937714128586 305
1938.0358170436764 306
1952.1662645118215 307
1958.4858503084133 308
1948.0535966507487 309
1955.7151174677256 310
1951.8505976988997 311
1953.397880153503 312
1959.221671912404 313
1947.774832269418 314
1953.4298738689656 315
1956.104929910229 316
1941.146189344978 317
1956.013882309009 318
1949.641197147174 319
1942.1657996203226 320
1934.5845070157818 321
1940.8222885196833 322
1941.2676725469082 323
1940.2804186329734 324
1952.445160375317 325
1939.2845010974424 326
1940.0344437587842 327
1935.0332698267334 328
1945.25226135843 329
1942.8257979288494 330
1951.9584171655845 331
1941.1309910538266 332
1935.983905933044 333
1942.3005556949693 334
1940.3420251219354 335
1942.9000874817764 336
1930.2698728817354 337
1937.9203566488293 338
1936.076020718826 339
1938.2940248765806 340
1933.50949024841 341
1935.0639661327036 342
1941.0949960230791 343
1929.3699681013493 344
1933.2992605194308 345
1933.552518890484 346
1924.9402485995702 347
1930.8349455463574 348
1923.3942341207385 349
1927.0819627479839 350
1927.2537375864463 351
1930.9430955382957 352
1931.8238697544268 353
1926.3838016566367 354
1929.6042459170142 355
1929.945699967756 356
1932.2782102926756 357
1934.4750168392386 358
1934.0798211603394 359
1931.5992884798957 360
1929.302752323427 361
1925.6656711739413 362
1921.5223769946854 363
1922.963476841655 364
1918.7697358208427 365
1918.8746333424879 366
1923.3439168174382 367
1916.6688308258842 368
1919.195727924358 369
1923.747226788489 370
1929.2944491921044 371
1934.8713418312607 372
1943.0404359557006 373
1904.826039225469 374
1949.8941579831308 375
1923.1635340794244 376
1898.9452906925765 377
1914.9880343411928 378
1919.4990780577923 379
1918.157877095525 380
1901.5678669117121 381
1905.7882029325851 382
1901.059602753878 383
1882.7797388077547 384
1878.9329486164365 385
1890.1927383433308 386
1879.189838961181 387
1878.0175314878134 388
1882.0485309356222 389
1888.7077095627608 390
1877.9408762146775 391
1879.4291115035724 392
1867.4545422731794 393
1858.8178220669706 394
1853.6202820972449 395
1857.6273145283074 396
1867.9394848811917 397
1852.8229108294624 398
1868.2888228517033 399
1861.2896130209476 400
1840.2454516423827 401
1864.2761167337637 402
1853.4040347839666 403
1840.6227090648035 404
1848.4253424418505 405
1839.4429158932783 406
1827.8579466226493 407
1846.1858699194115 408
1832.434983336293 409
1832.8179802689967 410
1835.4625140806768 411
1830.464556483158 412
1832.01581751753 413
1829.104857749799 414
1832.4157350001194 415
1839.1040123225505 416
1828.3363160437552 417
1828.656967510902 418
1829.7034161094944 419
1838.8081498101396 420
1839.8907843554432 421
1835.1082742946562 422
1835.1958630066365 423
1839.1788577511284 424
1849.1698942351088 425
1844.0005282216466 426
1821.3633416513214 427
1830.5651949284893 428
1840.5861071055613 429
1849.7257257134631 430
1869.632791400561 431
1867.7633233850736 432
1834.6401762323696 433
1869.8550283011407 434
1833.411077648532 435
1835.288102828553 436
1851.6186799832335 437
1865.6618753507526 438
1873.6030917588764 439
1876.158183803196 440
1823.3374446363716 441
1843.9414675278003 442
1820.3166952703937 443
1850.1323586427945 444
1848.9300241684214 445
1860.0217710396294 446
1925.7067708162515 447
1830.9793557343412 448
1855.4902104199318 449
1840.4681535711552 450
1862.0865415552798 451
1860.0962667644117 452
1828.0444902561835 453
1843.8075763980632 454
1847.723042868804 455
1866.4133017085214 456
1879.1745713385512 457
1836.3032464757987 458
1842.169962872317 459
1855.386561766568 460
1832.763967073677 461
1869.545617620176 462
1831.7963906082014 463
1847.0780282920057 464
1864.1516520941382 465
1801.7265982301103 466
1940.6213965290742 467
1748.126523417722 468
1873.8307106288364 469
1863.3781503951363 470
1827.6636703919046 471
1785.6616915536051 472
1795.578352106133 473
1805.7841917151393 474
1824.5853505603784 475
1795.2294154838946 476
1801.5278992904405 477
1792.6409128118598 478
1811.6580570779652 479
1772.3288433484224 480
1781.2408232800494 481
1762.1228231994596 482
1779.9783217570684 483
1784.4016400819721 484
1806.3780941727464 485
1768.7732700731501 486
1770.1459822484535 487
1803.8119637746051 488
1791.230510127805 489
1781.7512118292818 490
1765.736178774606 491
1822.1510648083834 492
1817.4149359460373 493
1835.2454330125677 494
1775.5915828045174 495
1813.535383488766 496
1791.6147455133255 497
1795.872435586743 498
1790.8024789703725 499
1769.4476321620439 500
1795.1410525652961 501
1774.7996982156499 502
1771.9495817447687 503
1769.7596569064044 504
1780.8659637094956 505
1784.9688165017292 506
1768.0285852241743 507
1751.6473753470516 508
1744.6341041975356 509
1765.577888447359 510
1756.4540203230492 511
1772.0000685843695 512
1751.22901252417 513
1748.0462532077229 514
1747.7662538056063 515
1782.0424821179581 516
1748.9749497507382 517
1728.5724023420016 518
1771.8286108249615 519
1797.6913389235929 520
1691.7283540830751 521
1780.912093395207 522
1738.1481393955958 523
1812.1410757697647 524
1700.7687688914166 525
1800.6961500401812 526
1841.6627124736215 527
1798.0093792412595 528
1812.0694111232813 529
1837.912003296287 530
1936.7191014423772 531
1756.4254231430834 532
1719.986080814989 533
1764.5898262089793 534
1691.1822148657334 535
1805.0846128657286 536
1771.6204189560672 537
1718.0669457060533 538
1685.76165754595 539
1770.4542274570165 540
1888.4426794010706 541
1835.305487640323 542
1802.6422898020758 543
1771.8693996889172 544
1818.9888524667788 545
1810.1570530303434 546
1759.5676077883577 547
1809.643359806779 548
1812.8171854294285 549
1774.0049498969142 550
1705.9532215919116 551
1744.9694153866037 552
1740.803914466109 553
1783.3380369948818 554
1719.3523256346648 555
1700.752661341548 556
1702.1652746118937 557
1727.0283662134955 558
1874.3604882518198 559
1789.5078981980603 560
1677.108165150601 561
1872.187305211972 562
1781.5452231247925 563
1732.9315052770755 564
1985.6014852405679 565
1702.6538009121987 566
1863.467078219467 567
1725.8999166279696 568
1763.0472115334192 569
1815.4998609139489 570
1793.1884821152528 571
1873.6720313392377 572
1789.581321050866 573
1778.1033379744924 574
1788.6022655180348 575
1817.6823713869105 576
1739.82954519526 577
1826.1229606332356 578
1712.8087849912963 579
1810.4495843490256 580
1802.7306329780854 581
1779.6790181878866 582
1792.77207094134 583
1761.5266080169768 584
1698.3934395785222 585
1756.1285623371627 586
1694.2038360384242 587
1627.4600216027175 588
1694.8898295008325 589
1593.369045052949 590
1600.0834373905016 591
1731.0843414920841 592
1728.025981052231 593
1706.356153506408 594
1798.1882442351662 595
1690.132492137792 596
1660.655949389506 597
1403.7977502453557 598
1575.023470286241 599
1664.8415823212238 600
1540.8114085033264 601
1637.428428927665 602
1530.8824387219506 603
1526.8727694394845 604
1587.170200454146 605
1554.7099090953825 606
1511.2652795752983 607
1532.6616650346034 608
1610.6773893260863 609
1565.620152185141 610
1576.9960466247103 611
1550.9401869463911 612
1526.8153697897835 613
1558.1587712725502 614
1568.3470334382725 615
1581.9317029504155 616
1538.4127262327474 617
1587.987061318166 618
1614.6868136593862 619
1549.6976444376378 620
1563.5309735850901 621
1579.549029708632 622
1511.5077978102593 623
1532.1706581723984 624
1486.8864996729208 625
1585.704814586908 626
1496.7721220341462 627
1534.4346770850814 628
1370.5876692022794 629
1266.6934304910167 630
1475.4757497376168 631
1348.9677941573902 632
1376.763593479436 633
1459.6314222896722 634
1446.7600881123572 635
1555.9680951695113 636
1501.4674481028721 637
1425.481546775021 638
1409.9471605935746 639
1360.9341172199693 640
1395.1130204378242 641
1440.9049678045892 642
1361.4176994914596 643
1342.272443549254 644
1335.163371671556 645
1295.009944583914 646
1305.3073537908188 647
1196.1725401319184 648
1402.4378914517954 649
1396.1418488430375 650
1225.0585665205308 651
1318.282350041744 652
1334.7608408614572 653
1268.0079597696454 654
1226.2985088969174 655
1093.3056984576363 656
1115.6111359709148 657
1094.285855063676 658
1423.1290339806042 659
1240.2694355079557 660
1047.781035662821 661
1198.506486604454 662
1065.3382974600377 663
1255.1946755226318 664
1242.0500553540764 665
1070.2034903810136 666
1244.7263301867474 667
1603.7090325852669 668
1075.2967416712488 669
1245.0695580826216 670
1105.1540816599725 671
1045.6618964649872 672
1115.664277109135 673
1202.5576192536894 674
1050.7052771079793 675
1082.6259014543984 676
1130.9783360709287 677
1095.5784181208164 678
1142.5059216897712 679
1047.2706500242437 680
1142.0206254452214 681
1113.3243603016033 682
1047.0896084715919 683
1188.299610521942 684
1011.9602987509658 685
1052.3748066797887 686
996.1679706103373 687
958.1978492418365 688
1076.70221472624 689
973.9715085095075 690
1025.9716748237963 691
1111.9790164638055 692
1159.6680010712696 693
1028.4124014975941 694
1082.1930811751597 695
1027.0635165443402 696
1112.1806629111265 697
1159.3526032940465 698
990.2334911485351 699
1050.0354123819818 700
1062.180377035821 701
1150.6044838857686 702
949.5658106749639 703
1092.1484849336275 704
1134.5817949985346 705
1040.0713577633219 706
1195.9390436994768 707
1128.5484982418986 708
1105.646638267126 709
1097.3654538500134 710
1236.2667485835536 711
983.7349706774789 712
1096.1788568883776 713
1107.453684739813 714
1172.0947155867573 715
1020.1709868769362 716
1138.7583428126927 717
943.5451700405846 718
1080.4678554993725 719
736.1409136854872 720
953.2183204634813 721
980.5517762115115 722
826.3210763935795 723
856.8903864685707 724
857.5868289679612 725
898.0956324326933 726
848.5692204246235 727
939.623485125546 728
955.0531782012599 729
966.596243626732 730
819.3226505548207 731
805.1079799131651 732
1094.8834748056065 733
767.7704470776289 734
694.0973829207339 735
772.0833739115349 736
813.3850745144475 737
741.6863225595883 738
810.7656180770482 739
766.3368626690758 740
754.9626704049724 741
781.0307286724675 742
817.4197399898546 743
790.1327178142029 744
819.611923377877 745
781.3686475114063 746
790.5291800609325 747
696.5442597537102 748
680.1074639504906 749
686.482573219829 750
667.1358025614749 751
699.7899749095186 752
764.1661449845993 753
643.8472908348912 754
703.3932380545617 755
477.04332985928295 756
650.797849060068 757
745.9515473164083 758
778.7681238743496 759
656.8341759571581 760
589.0765067346373 761
522.4121311337194 762
657.6682889811233 763
733.0078077660252 764
630.5413868128725 765
370.1287008962197 766
588.3076057310623 767
841.6351789462791 768
588.3797409018654 769
847.6773354852345 770
764.8528732003297 771
678.8188774294747 772
564.1073231518142 773
634.412805238253 774
737.7861803260112 775
981.4162541333048 776
577.4251233919588 777
457.1264100868374 778
387.58825061196427 779
606.8076577961759 780
780.2043444065513 781
642.7613129968397 782
800.3729112718131 783
305.0090297391259 784
362.5228521829933 785
490.8386262537574 786
908.5764620403522 787
279.73549452860084 788
415.3385140541043 789
242.60142637243575 790
274.2571425143334 791
357.65120669713866 792
315.75048684518765 793
346.80229697021593 795
246.25542935358126 796
257.47422257426723 797
386.2573467321621 798
309.04168203494896 801
332.02050492261674 802
293.4768952115137 804
276.8468180884146 807
251.0860331862243 808
270.6073666010205 815
326.4742899780646 820
249.7863143260438 821
264.27874281095717 822
257.10739695888867 824
272.2289139085962 825
286.0286431853666 828
304.0460643465694 830
318.2638170064539 831
316.5045727013322 832
309.3105045239777 834
288.1404496665469 835
269.74328336053327 837
319.9612993778936 838
421.58666378595774 840
344.1436541971708 841
258.16452432081866 842
295.6298293907375 843
359.0256236309016 844
430.7948273750809 846
293.0974355561914 847
386.5441217191459 848
260.116525887728 850
260.22784760496006 851
305.1534008508747 852
244.30657713635733 853
393.5920460731826 854
361.7264992196109 855
259.03624977711127 857
336.0054492584868 858
263.0324677549122 860
241.96215345249453 861
239.16183960679302 862
244.4437878891365 863
325.62689697203785 866
375.149755980102 867
252.47043041385487 868
285.5156685136314 869
431.9573054430109 870
294.8305346370191 871
329.57934019439176 873
350.21603764992204 874
310.34092072498134 875
309.6354577071025 876
271.45414641459274 878
304.2516975560999 879
312.1620328990566 880
253.78710711891193 881
255.27127835985206 882
352.4064864133253 886
246.46069967130788 887
260.57584553367525 888
329.8696181168702 895
250.15498721295504 908
351.963560262131 924
454.194474007288 925
472.66312572611287 926
276.23955217341125 927
266.75678649229303 928
332.84635982788507 929
250.31280572100454 932
296.60293044397383 936
287.23920556382996 937
341.62204802960105 938
284.748217593405 939
277.6933020634825 942
350.11711589779657 943
332.84548730324923 944
273.13955085660314 945
241.0501996000545 946
295.29876959175016 950
253.981191811448 952
458.57099076451266 953
255.35909483841544 954
351.5708316955637 955
365.66536569846863 956
242.3009018645558 957
292.7407512217236 958
383.0073378891964 959
294.69034473361387 960
257.43721796556946 961
342.4293955500405 963
288.31902774236966 964
274.5623182464953 965
515.9722361447314 966
438.5650550927087 967
287.83128801429274 968
691.0251863401883 969
566.1218609443594 970
393.44862923584355 971
885.5903631069837 972
492.9386558629971 973
488.0985961263703 974
574.7349814981253 975
465.9737180386189 976
647.6090199906027 977
969.3708821711953 978
402.82860329993645 979
509.57823391036266 981
589.2050884182713 982
664.587611632892 983
350.6865777299291 984
583.0725525475129 985
542.7671182458319 986
594.1323228977287 987
790.347082112321 988
1119.2576504167907 989
366.900267424356 990
594.1254960873023 991
431.1302505164979 992
846.7453966851758 993
721.9725200225166 994
817.1380967312543 995
521.0196739981178 996
535.781314417786 997
375.79755501364815 998
290.97777500113096 999
373.4309574200537 1000
290.33431628021265 1001
428.5767062283481 1002
349.01149723816394 1003
404.2077785478226 1004
275.5643909362988 1005
484.7160569061931 1006
292.21935403372555 1007
636.5582673173401 1008
517.2143750365643 1009
314.68559559142443 1010
544.4410646080191 1011
493.9827472121944 1012
810.8931468259921 1013
294.9013086892747 1014
447.7540951807435 1015
842.0227064113651 1016
1173.7366681827089 1017
1186.0428101075454 1018
969.6433581430942 1019
854.6585523447845 1020
408.1646499260886 1021
539.8921960607485 1022
426.82502251145104 1023
589.1026197548138 1024
1240.12795735426 1025
500.4759758083128 1026
578.0489246216864 1027
525.07271221753 1028
239.78846216066518 1029
1556.1612221447494 1030
335.5176340262285 1031
310.39141688627865 1033
252.5514451926407 1034
679.3352315687889 1036
335.15729328548036 1037
421.89285516158594 1038
651.6065255195623 1039
387.7362401057014 1040
294.9549490102848 1041
311.1900671670203 1042
572.7490882801669 1043
361.7232085630121 1044
386.7479019354331 1045
390.8242923360299 1046
318.2109207532627 1047
327.62608424510006 1048
255.70762569628965 1049
677.0299917784329 1050
437.6570787298795 1051
345.1556209449836 1052
336.77378333137233 1053
493.84128107759307 1054
328.1523727595327 1055
302.2680253499995 1056
244.61481503200173 1057
490.1441350958735 1058
480.4500349823774 1059
448.09096431901014 1060
426.41587832869664 1061
473.1194760695027 1062
238.73170796376286 1063
373.33087412993575 1064
239.6125291340849 1066
365.5795472816796 1067
335.6843403352032 1068
292.13711797415795 1069
351.2388978758414 1070
530.2750678996956 1071
558.7242521404737 1072
256.2137857612545 1073
409.19404684799576 1074
347.08758745090745 1075
262.20977397123875 1076
626.4295670776655 1077
349.2156028684534 1078
627.9515574977286 1079
717.0363872216226 1080
779.1285782038133 1081
247.9484873746107 1082
340.05043732449667 1083
456.2628638641106 1084
531.0568330476098 1085
605.1904965646919 1086
660.8339670550546 1087
460.40975636957796 1088
387.4114490276431 1089
672.2905042500186 1090
299.4968170848319 1091
512.5548471036947 1092
646.7152375934235 1093
350.42160024865285 1094
386.53891188394425 1095
250.85574082145476 1096
278.9199868425136 1097
260.3277766843968 1098
258.3357571661344 1099
261.9845110517505 1100
403.7722368621145 1101
398.54491516456943 1102
292.257571658946 1103
272.5333361176134 1104
297.6262240948032 1105
268.267738331846 1106
299.7982902867495 1107
255.05890949700145 1108
272.3034195298933 1109
251.41787295334538 1110
290.6716840932662 1111
318.80300101282756 1113
279.9877700369138 1114
292.56859340438643 1115
276.2331228688299 1116
284.7703699185135 1117
291.48200907056554 1118
306.7371286491786 1119
283.79810277696004 1120
367.3759287440233 1121
668.6914098709533 1122
454.84626672617736 1123
687.0802397103126 1124
249.75825983160394 1125
267.0405045587555 1126
269.74692498053173 1127
345.79505163520184 1128
346.92781439775064 1129
264.5482194779153 1130
282.85580601004193 1131
318.02916134129043 1132
282.6181533510695 1133
339.93720052575577 1134
323.6277835728491 1135
374.8135170545412 1136
295.3087893695271 1137
289.18209855492245 1138
273.29199936728895 1139
267.79754962189384 1140
328.4717538234036 1141
257.75339446112446 1142
239.26272454387737 1143
272.7009156031226 1144
287.39709457890336 1145
256.2662669609062 1147
283.2680338653081 1148
308.1293761166445 1149
276.9347184643777 1150
309.98975572175885 1151
244.97787805905057 1152
333.7245415434825 1153
337.7577453320916 1154
278.4536305297195 1155
302.4037392036789 1156
252.01901782007755 1157
312.85056365706066 1158
334.7687918234689 1159
244.9308677018506 1160
278.4437443834635 1161
297.23119418426256 1162
267.2704147890579 1163
276.33867590467156 1165
261.0532452779907 1166
263.2626116074613 1167
268.02218286649264 1168
285.8741824584328 1169
315.74140227601896 1170
318.0120972904738 1171
283.30177060850207 1172
391.0153405301794 1173
285.29014066072347 1174
278.08388603263506 1175
301.5112553523007 1176
268.8081908226721 1177
291.46549386502966 1178
293.05760350528345 1179
326.417993216239 1180
362.19276011683445 1181
286.59204176864216 1182
313.634242580129 1183
253.8547078760516 1184
259.3306169918587 1185
255.86358401346467 1186
271.9649675601466 1187
273.8189629847839 1188
258.1900261870886 1192
294.44913337822544 1195
259.22847970354246 1196
237.238845184663 1198
254.54011831834634 1199
290.4704591279771 1200
263.2817236821878 1201
260.7100069617916 1202
255.6212917486758 1203
285.7117739314886 1205
266.0787503971979 1208
239.24960805814453 1212
287.47351440764334 1213
245.45581814447345 1215
333.81712786523065 1216
264.435405855021 1217
269.6273195159938 1218
279.6823216436849 1219
269.7979343525969 1220
267.67149382953335 1221
295.36187322199413 1222
254.69160021008054 1223
299.70880629929667 1224
255.37529794069278 1226
266.7887262972395 1228
287.67327153071864 1229
251.83929065035284 1230
256.256447871496 1231
255.60440298793927 1232
261.6466942974916 1233
253.9152787581765 1234
257.3683920615425 1235
256.5406100022498 1236
245.0509449398047 1237
255.66232375581498 1238
288.3961342322042 1239
242.1058060429599 1240
274.5071613898319 1241
279.9399124575526 1242
245.9316932473869 1244
283.4028854232272 1245
252.7174073437475 1247
251.0915126132156 1251
263.7730978317316 1252
257.0729385118396 1253
245.96815060663138 1254
245.705266557632 1255
248.63795694155326 1256
237.23144466161185 1257
268.01113494159557 1258
282.2853067115639 1259
272.4075652260012 1260
240.18031510832895 1262
314.5247753883936 1263
375.7866903847352 1264
256.50871877690764 1265
287.83534853353177 1266
281.3836540011402 1267
409.210064277729 1268
303.4770036834131 1269
287.7299664201202 1271
286.8589510905264 1272
274.2468965223058 1273
354.3817346516749 1274
387.2942606981869 1275
308.23365433976943 1276
274.0499766766566 1277
309.0106178143813 1278
246.75809788225692 1279
270.8661499850381 1280
334.4646963097083 1281
347.1453469369521 1282
525.5371317815983 1283
489.3981869356905 1284
283.77201573479783 1285
688.9742937655709 1286
262.2485027247726 1287
273.1428470665501 1288
273.25259543869413 1289
282.84296669473287 1290
318.8394898295486 1291
241.77759585647092 1293
245.38953343837863 1294
273.4558752652596 1295
256.56413570236396 1296
246.37175659683913 1297
268.693164969353 1298
262.1504287974919 1299
329.6094391982707 1300
257.2215622347482 1301
248.74296468935708 1302
299.67306946057766 1303
279.90512202332053 1304
290.83158185590355 1305
264.4018207830371 1306
284.3162594818839 1307
324.9428905758449 1308
251.28386229097555 1309
283.9478659188591 1310
332.01180175724835 1311
263.8534702268318 1312
261.04700577002626 1313
329.85609221730505 1314
272.4305393160158 1315
326.73006776342254 1316
243.2707493587259 1317
286.62571337040856 1318
245.56212002075839 1319
345.0150122139984 1320
255.03806959600735 1321
252.9223907473796 1322
492.2777462193775 1323
423.4899500893989 1324
370.07466226860237 1325
978.3081687434182 1326
1023.0770146614499 1327
666.4552080313479 1328
560.8553365072165 1329
577.782787365073 1330
883.8430544650225 1331
877.0724232369628 1332
828.9832236283422 1333
290.48688552936727 1334
495.4048532021879 1335
428.6858220525525 1336
385.23736131989324 1337
430.7340170976612 1338
293.698161235011 1339
378.1240564718174 1340
344.2339829819003 1341
315.87285939821095 1342
334.71534252846277 1343
442.20644947072486 1344
346.193472321567 1345
315.38315962470875 1346
400.59896947449715 1347
307.1111815042466 1348
378.04799111739345 1349
408.19870088721717 1350
371.59003190081523 1351
443.5944487618203 1352
400.1145239127847 1353
422.547823833011 1354
303.03682541805165 1355
420.85834921781316 1356
357.99605170314715 1357
355.03423364154423 1358
382.7429911443803 1359
328.000166045761 1360
317.5334929529369 1361
340.04399820143857 1362
311.66767050162935 1363
283.83413958516456 1364
634.38856322795 1365
497.63260647302025 1366
331.561405017186 1367
329.73786048173963 1368
284.9880968634441 1369
381.0139156399856 1370
412.71195767954475 1371
295.7026018835239 1372
395.5091844027184 1373
242.71011703940445 1374
327.9273196855594 1375
353.5938931348405 1376
290.9637613000286 1377
278.02264119258194 1378
371.31236494152193 1379
266.8413799661606 1380
308.9828623909771 1381
338.7048741872099 1382
310.7048236882572 1383
274.74946601128175 1384
270.0903937216135 1385
284.3084588884671 1386
311.75989817629176 1387
380.26614417246446 1388
299.5561735059163 1389
316.3198067870718 1390
285.4545683372306 1391
304.2864640260341 1392
319.20457021657677 1393
396.0309847454063 1394
275.8450620195962 1395
299.56786448604504 1396
303.1441511718261 1397
297.0013994527957 1398
274.09120023110995 1399
313.48900507710584 1400
277.5777013970274 1401
274.3364673241217 1402
247.7004529773371 1403
267.3597475295543 1404
312.7187574419512 1405
285.9721700048972 1406
267.317814657069 1407
255.90223955500772 1409
240.8602492494947 1410
289.0308510455902 1411
272.42592780422746 1412
337.86109150684035 1413
313.61712329767005 1414
299.53778258828703 1415
316.4161656631016 1416
322.9593139460839 1417
280.7535148650212 1418
294.4156294811882 1419
279.6425821617333 1420
320.23273379815606 1421
275.50219499831223 1422
260.81802901839234 1423
258.2226577909178 1424
282.2499970838418 1425
315.99649435438994 1426
289.71339172620776 1427
246.0772352233044 1428
275.84568824809816 1429
276.4075132026318 1430
271.694439324503 1431
292.00322926070095 1432
356.6158687658222 1433
310.413965352991 1434
259.76809496128385 1435
275.00380832846673 1436
300.4993012345855 1437
297.7840891727022 1438
300.93164417932456 1439
286.4004842734536 1440
267.34328095529384 1441
328.96408535824503 1442
339.84942156685815 1443
271.73532903580696 1444
299.11202444510707 1445
265.776463817214 1446
303.12126079169605 1447
272.1652508580689 1448
284.3734526086798 1449
272.4345125984778 1450
272.03560547116297 1451
260.9805354068361 1452
246.07396358416716 1453
267.3054665093566 1454
290.3337439724139 1455
281.17663350127236 1456
268.8190132468598 1457
292.28513056157834 1458
300.5928858549106 1459
279.92530308547214 1460
275.88229819987555 1461
268.7473831882906 1462
252.3891770317509 1463
249.18204486850442 1464
260.8680297964062 1465
264.4780699489897 1466
257.71312760809246 1467
260.22548454261846 1468
268.5083769722398 1469
260.04351376479264 1470
254.74627510431384 1471
255.45119261081055 1472
258.06853425478266 1473
267.9619957010792 1474
260.5611568262565 1475
259.8314111715064 1476
262.37320268412765 1477
261.9625099560528 1478
274.23111572919555 1479
273.4229067245944 1480
267.30458108180113 1481
281.82996148240164 1482
264.25055748147963 1483
275.9446706427935 1484
252.15178003289 1485
263.35040592898196 1486
261.9414538652752 1487
273.894562743249 1488
265.6353393959723 1489
271.5935768850443 1490
273.67296128550686 1491
275.8483844526627 1492
267.26308961981846 1493
270.7977159307723 1494
275.8823646878022 1495
271.7973263609555 1496
274.93691442906555 1497
277.61872135521236 1498
283.6870590979126 1499
268.10740774118426 1500
271.1451367858993 1501
289.56348025369414 1502
272.5965313844582 1503
264.4178661587876 1504
263.00651799073455 1505
261.165339520199 1506
261.6285702482939 1507
276.43110433265565 1508
268.54536250592923 1509
264.67412016853456 1510
265.6478814046263 1511
260.5033693629627 1512
259.3697447404301 1513
260.6195269653513 1514
273.90143051511353 1515
265.85647252690194 1516
272.2344524977446 1517
262.8410039530086 1518
261.28385118746695 1519
254.9710515390784 1520
260.66718948581786 1521
258.9537997254558 1522
263.5630316940531 1523
272.0692942311013 1524
257.6621166371969 1525
256.36516791421906 1526
256.9837001151568 1527
251.84317440551433 1528
255.46851291596 1529
259.0658327434797 1530
265.1726243966992 1531
270.4742742529035 1532
258.05038216818684 1533
256.05571603335136 1534
262.1034308342153 1535
258.4298082288994 1536
264.6832578510835 1537
255.91783621507767 1538
254.80026474614098 1539
257.9807471004173 1540
262.4000802376583 1541
260.399916821489 1542
260.6432321880478 1543
255.55032540086566 1544
262.4903812129076 1545
263.9006298966321 1546
263.57035530076195 1547
260.26289314126905 1548
255.74369935845903 1549
256.35563920503677 1550
255.4855789427567 1551
264.1770825023415 1552
261.08847343954085 1553
253.40033687460817 1554
256.2621768751735 1555
256.41057147693346 1556
258.20289626258636 1557
252.28140630770682 1558
252.33177150210471 1559
253.97955852511745 1560
255.27789322034204 1561
257.05549661301256 1562
251.57485779963227 1563
255.26856398754293 1564
256.5847111773385 1565
255.25077409483762 1566
261.2457544158108 1567
252.88947927064726 1568
250.47697355438663 1569
260.5410859796188 1570
245.3754460021435 1571
246.64468398945627 1572
249.81116660336374 1573
247.95405464122223 1574
261.2462099969102 1575
242.67039273267466 1576
245.7987081259938 1577
249.9253192464728 1578
241.8082238757036 1579
252.16436746879577 1580
257.90578731660156 1581
259.78392767439607 1582
251.71828450781064 1583
241.68749480943217 1584
254.66269690598543 1585
251.95424138617616 1586
255.3102763191888 1587
239.02713482630438 1588
239.50506742439146 1590
239.41697752747748 1591
238.49897048874743 1592
252.45396399081406 1594
240.7071101167173 1595
249.51626392237446 1597
255.7548817441586 1598
263.6668287688967 1599
263.06518857147836 1600
261.3384042065916 1601
245.3530599477245 1602
237.9914142343646 1605
239.2249148506751 1606
240.46069037461976 1607
239.5042850168656 1608
252.62770419862014 1609
251.8415936914591 1610
244.9756626013352 1611
255.96366929611875 1612
247.925564714862 1613
242.96691738784457 1614
246.25639225807697 1615
241.71253461617724 1616
236.8218827749 1618
239.62562219923905 1619
238.40179845584942 1620
242.7804811867693 1621
243.46642643971694 1623
261.5956582750114 1624
238.58990226787284 1625
243.65052077951637 1626
250.88379704470293 1627
261.3719840350168 1628
273.8042662490666 1629
269.4070908107978 1630
264.36328607403914 1631
276.1108401208161 1632
271.0972907797598 1633
263.2169512608953 1634
262.09679198255276 1635
253.1279101920553 1636
236.6549698513604 1637
242.9314674906616 1638
248.36077899382235 1640
242.48099338846296 1641
240.27177503705258 1642
247.19885682507675 1643
247.16447129674847 1644
241.34064874887636 1646
243.44551828188307 1647
236.46941874030037 1649
261.12276690105546 1651
248.28431887005493 1653
242.599549044622 1655
244.29498802414406 1656
243.9306255225069 1659
236.59501506662963 1660
236.99012014525485 1663
239.1555843727649 1664
295.9308030130576 1665
252.44923444481196 1669
240.29056291579047 1671
237.9878545730947 1672
238.0719189232419 1678
236.97343055844138 1681
236.50334789232548 1684
242.5174356038269 1685
240.9206245470738 1686
242.00425715486367 1687
241.34482131005183 1688
238.58221487411623 1689
236.65461707152022 1690
238.15846089893083 1691
238.50327321127904 1694
241.2713080378781 1695
241.41251951367417 1699
239.1086428384625 1700
239.50760244556983 1701
242.9121336935219 1702
243.56099580440028 1703
240.25587232488914 1704
241.47230433850697 1705
246.50382494923545 1706
250.95466808399277 1707
258.22022123923455 1708
252.04344052976967 1709
247.89442230238606 1710
249.81883183292885 1711
246.9776728901079 1712
247.60079817700293 1713
246.90257730517766 1714
247.86266969861023 1715
250.80977575104504 1716
249.79542968765935 1717
248.3611769344813 1718
248.29798281095836 1719
247.4523329384316 1720
247.81606625029875 1721
245.3773377471847 1722
243.62190273219872 1723
246.04668256387936 1724
242.5305224589788 1725
244.46772796323194 1726
243.28710948102182 1727
242.31252556113336 1728
243.69759113672583 1729
244.15069296406944 1730
245.06310650371543 1731
243.36025154039174 1732
242.94111072702145 1733
240.7522662898424 1734
240.73856291378178 1735
241.35877872893502 1736
243.37093852908708 1737
246.11956878000464 1738
242.22089454909957 1739
242.19655028147264 1740
242.00019375456074 1741
243.62297673474984 1742
243.37464032029317 1743
245.32067060298766 1744
243.5562121651688 1745
246.4504409280453 1746
246.43128115651987 1747
245.3383591178048 1748
245.75156051155335 1749
247.08934499462407 1750
246.77378363970624 1751
244.95924037383188 1752
244.41377915265164 1753
244.614533140597 1754
245.68092782892495 1755
244.60689359519301 1756
243.8298182760417 1757
243.65872130531065 1758
244.17054138235687 1759
246.71947703638978 1760
242.5894981068046 1761
244.4002463947368 1762
244.4592988111993 1763
243.20722410678067 1764
244.58049345047078 1765
245.35723079075058 1766
244.93007715818558 1767
245.54002664470715 1768
243.67384505717115 1769
245.97231107767254 1770
247.43013904902898 1771
249.32880262861627 1772
245.41385041077106 1773
245.07986640470884 1774
242.6725035195555 1775
243.03948092509404 1776
245.5672367589248 1777
243.47153328926558 1778
243.1550433363851 1779
245.33370138851498 1780
245.37130294492783 1781
244.70761783196025 1782
246.234167621952 1783
243.13634127601068 1784
243.47556901041077 1785
