0.9896828449363859 0
0.9719219198783939 1
0.7934109111085572 2
0.8360376381274214 3
0.8774917303839834 4
0.7764554498888558 5
0.7760526829337092 6
0.7507750890924794 7
0.7524381617903642 8
0.8061038509083865 9
0.8061038509083865 10
0.7760385700592587 11
0.8210446759503163 12
0.8751179819796233 13
0.9861940537245584 14
0.790863121881646 15
0.809527822263931 16
0.852651921679643 17
0.7881406832769243 18
0.7738406901259084 19
0.7857820293334852 20
0.7579372881848647 21
0.7952582852338348 22
0.9959454927654097 23
0.8829604905144702 24
0.7561223938235945 25
0.7525693244412842 26
0.813364611649882 27
0.758594468278557 28
0.7735005140058246 29
0.777035730024886 30
0.753192641821286 31
0.7649947916655135 32
0.7649947916655135 33
0.7570122612196739 34
0.7570122612196739 35
0.7570122612196739 36
0.7570122612196739 37
0.7570122612196739 38
0.7570122612196739 39
0.7570122612196739 40
0.7501819685922932 41
0.7501819685922932 42
0.7501819685922932 43
0.7501819685922932 44
0.7501819685922932 45
0.7501819685922932 46
0.7501819685922932 47
0.7501819685922932 48
0.7501819685922932 49
0.7500529244740529 50
0.7500529244740529 51
0.7500529244740529 52
0.7500529244740529 53
0.7499585458971227 54
0.7499113513313918 55
0.7499113513313918 56
0.7499095748829461 57
0.7499095748829461 58
0.7499095748829461 59
0.7499095748829461 60
0.7499095748829461 61
0.7499095748829461 62
0.7499095748829461 63
0.7499095748829461 64
0.7499095748829461 65
0.7499095748829461 66
0.7499095748829461 67
0.7499095748829461 68
0.7499095748829461 69
0.7499095748829461 70
0.7499038396669553 71
0.7499038396669553 72
0.7499038396669553 73
0.7499038396669553 74
0.7499038396669553 75
0.7499038396669553 76
0.7499020134331164 77
0.7499020134331164 78
0.7499007777068702 79
0.749900689759986 80
0.749900689759986 81
0.749900689759986 82
0.749900689759986 83
0.749900689759986 84
0.749900689759986 85
0.749900689759986 86
0.749900689759986 87
0.749900689759986 88
0.749900689759986 89
0.749900689759986 90
0.749900689759986 91
0.749900689759986 92
0.749900689759986 93
0.749900689759986 94
0.749900689759986 95
0.749900689759986 96
0.749900689759986 97
0.749900689759986 98
0.749900689759986 99
0.749900689759986 100
0.749900689759986 101
0.749900689759986 102
0.749900689759986 103
0.749900689759986 104
0.749900689759986 105
0.749900689759986 106
0.749900689759986 107
0.749900689759986 108
0.749900689759986 109
0.749900689759986 110
0.749900689759986 111
0.749900689759986 112
0.749900689759986 113
0.749900689759986 114
0.749900689759986 115
0.749900689759986 116
0.749900689759986 117
0.749900689759986 118
0.749900689759986 119
0.749900689759986 120
0.749900689759986 121
0.749900689759986 122
0.749900689759986 123
0.749900689759986 124
0.7499001304440911 125
0.7499001304440911 126
0.7499001304440911 127
0.7499001304440911 128
0.7499001304440911 129
0.7499001304440911 130
0.74990011451475 131
0.74990011451475 132
0.74990011451475 133
0.74990011451475 134
0.74990010551868 135
0.74990010551868 136
0.74990010551868 137
0.74990010551868 138
0.7499000658000046 139
0.7499000658000046 140
0.7499000658000046 141
0.7499000658000046 142
0.7499000446122441 143
0.7499000164413464 144
0.7499000164413464 145
0.7499000164413464 146
0.7499000164413464 147
0.7499000164413464 148
0.7499000164413464 149
0.7499000164413464 150
0.7499000164413464 151
0.7499000164413464 152
0.7499000164413464 153
0.7499000056432867 154
0.7499000056432867 155
0.7499000056432867 156
0.7499000056432867 157
0.7499000039703206 158
0.7499000039703206 159
0.7499000039703206 160
0.7499000039703206 161
0.7499000039703206 162
0.7499000039703206 163
0.7499000039703206 164
0.7499000039703206 165
0.7499000039703206 166
0.7499000039703206 167
0.7499000039703206 168
0.7499000027169894 169
0.7499000027169894 170
0.7499000027169894 171
0.7499000027169894 172
0.7499000027169894 173
0.7499000027169894 174
0.7499000018785004 175
0.7499000015658709 176
0.7499000015658709 177
0.7499000015658709 178
0.7499000015658709 179
0.7499000009850988 180
0.7499000009850988 181
0.7499000009850988 182
0.7499000009850988 183
0.7499000009850988 184
0.7499000009850988 185
0.7499000009626158 186
0.7499000009626158 187
0.7499000009626158 188
0.7499000009626158 189
0.7499000005801493 190
0.7499000003775764 191
0.7499000003775764 192
0.7499000003043108 193
0.7499000003043108 194
0.7499000003043108 195
0.7499000003043108 196
0.7499000003043108 197
0.7499000003043108 198
0.7499000003043108 199
0.7499000000569989 200
0.7499000000569989 201
0.7499000000569989 202
0.7499000000569989 203
0.7499000000569989 204
0.7499000000569989 205
0.7499000000569989 206
0.7499000000569989 207
0.7499000000332297 208
0.7499000000186993 209
0.7499000000186993 210
0.7499000000186993 211
0.7499000000186993 212
0.7499000000186993 213
0.7499000000186993 214
0.7499000000186993 215
0.7499000000186993 216
0.7499000000186993 217
0.7499000000186993 218
0.7499000000186993 219
0.7499000000186993 220
0.7499000000186993 221
0.7499000000186993 222
0.7499000000186993 223
0.7499000000186993 224
0.7499000000186993 225
0.7499000000186993 226
0.7499000000186993 227
0.7499000000186993 228
0.7499000000186993 229
0.7499000000186993 230
0.7499000000122766 231
0.7499000000122766 232
0.7499000000122766 233
0.7499000000122766 234
0.7499000000122766 235
0.7499000000122616 236
0.749900000006195 237
0.749900000006195 238
0.749900000006195 239
0.749900000006195 240
0.749900000006195 241
0.749900000006195 242
0.749900000006195 243
0.749900000006195 244
0.749900000006195 245
0.749900000006195 246
0.749900000006195 247
0.749900000006195 248
0.749900000006195 249
0.749900000006195 250
0.7499000000023806 251
0.7499000000023806 252
0.7499000000023806 253
0.749900000001326 254
0.749900000001326 255
0.749900000001326 256
0.749900000001326 257
0.749900000001326 258
0.749900000001326 259
0.749900000001326 260
0.7499000000003189 261
0.7499000000003189 262
0.7499000000003189 263
0.7499000000003189 264
0.7499000000003189 265
0.7499000000003189 266
0.7499000000003189 267
0.7499000000003189 268
0.7499000000003189 269
0.7499000000003189 270
0.7499000000003189 271
0.7499000000003189 272
0.7499000000003189 273
0.7499000000002485 274
0.749900000000117 275
0.7499000000000579 276
0.7499000000000409 277
0.7499000000000089 278
0.7499000000000089 279
0.7499000000000089 280
0.7499000000000089 281
0.7499000000000089 282
0.7499000000000089 283
0.7499000000000089 284
0.7499000000000089 285
0.7499000000000089 286
0.7499000000000089 287
0.7499000000000089 288
0.7499000000000089 289
0.7499000000000089 290
0.7499000000000089 291
0.7499000000000089 292
0.7499000000000089 293
0.7499000000000089 294
0.7499000000000089 295
0.7499000000000089 296
0.7499000000000089 297
0.7499000000000089 298
0.7499000000000089 299
0.7499000000000089 300
0.7499000000000089 301
0.7499000000000089 302
0.7499000000000089 303
0.7499000000000089 304
0.7499000000000089 305
0.7499000000000089 306
0.7499000000000089 307
0.7499000000000089 308
0.7499000000000089 309
0.7499000000000089 310
0.7499000000000089 311
0.7499000000000089 312
0.7499000000000047 313
0.7499000000000047 314
0.7499000000000047 315
0.7499000000000047 316
0.7499000000000047 317
0.7499000000000047 318
0.7499000000000047 319
0.7499000000000047 320
0.7499000000000047 321
0.7499000000000047 322
0.7499000000000047 323
0.7499000000000047 324
0.7499000000000047 325
0.7499000000000047 326
0.7499000000000047 327
0.7499000000000047 328
0.7499000000000047 329
0.7499000000000047 330
0.7499000000000047 331
0.7499000000000047 332
0.7499000000000047 333
0.7499000000000047 334
0.7499000000000047 335
0.7499000000000047 336
0.7499000000000047 337
0.7499000000000047 338
0.7499000000000047 339
0.7499000000000047 340
0.7499000000000047 341
0.7499000000000047 342
0.7499000000000047 343
0.7499000000000047 344
0.7499000000000047 345
0.7499000000000047 346
0.7499000000000047 347
0.7499000000000047 348
0.7499000000000047 349
0.7499000000000047 350
0.7499000000000047 351
0.7499000000000003 352
0.7499000000000003 353
0.7499000000000003 354
0.7499000000000003 355
0.7499000000000003 356
0.7499000000000003 357
0.7499000000000003 358
0.7499000000000003 359
0.7499000000000003 360
