25988.69777998735 1
21281.761210811368 2
9810.413988324977 3
10674.143740454163 5
17466.36840901282 6
15106.03939052182 8
9947.04943768365 10
26071.44612813567 13
12661.380804235381 14
11624.249243777898 15
9599.79585431681 16
14253.873120973467 17
9306.089233241255 20
9066.093868036518 21
16291.414342625492 22
11273.437634103397 25
10227.458629574203 29
10499.726814192405 30
9673.719623459816 32
11086.110436693565 34
14199.130964474429 37
14886.952029465823 39
9757.508766165512 40
9724.92297826132 45
9206.43000617449 47
9838.286726895265 50
10131.849558612723 51
12239.6324020902 57
9204.422269923529 62
20464.33212732814 64
9788.36428692073 65
10314.244363684847 69
9099.185463760627 71
10425.021802759298 85
10220.332123380864 89
9906.646615139867 90
8913.277606137195 91
9006.065422596095 96
9428.97345775034 98
8928.292178382213 101
8969.000348289821 102
8870.653311636006 105
9038.27534564651 108
8966.957416833277 109
9072.16120147024 110
8935.22216836212 111
8861.6766777059 115
8947.69067836878 116
8862.24252351342 117
9124.93675206467 118
8853.635415128341 120
8854.870238967342 121
8923.407929360275 122
8876.61307720925 125
8892.352816886012 128
8907.674767105143 130
8880.136581216486 131
8869.462342970946 132
8897.808859386965 133
8854.372627630846 135
8876.547300512548 137
8861.299713644861 138
8928.27590174849 140
8853.542938068276 141
8866.437356126362 147
8860.102116406808 148
8858.197702316576 149
8860.21968834975 150
8866.765674532304 151
8856.764616054592 152
8856.132286030475 153
8856.778431485585 156
8855.35767199712 157
8952.540085879127 159
8855.42393340632 162
8855.238611529106 167
8854.629432613978 168
8854.024814845365 171
8854.236852988412 172
8856.132253353797 173
8854.791331685177 174
8854.099803574292 175
8854.376248164906 178
8854.36517431074 179
8853.943903484991 182
8853.59710832067 183
8854.263389743526 184
8854.244462262972 185
8952.393259326163 186
8853.670060472123 189
8854.225411841093 191
8854.157566436223 192
8853.926617653507 193
8853.658273754452 195
8853.973905560491 197
8853.630578995848 198
8953.691850091582 199
8853.539020718736 200
8853.7100443538 203
8853.689822864184 204
8953.563474922861 205
8853.710496490592 206
8953.390943462664 207
8853.59087156981 212
8853.644372965984 213
8953.582045998084 214
8853.613391256604 215
8853.563524467705 216
8853.578097941707 218
8853.582349192095 219
8953.554202890135 220
8853.569049746991 221
8853.564444367637 223
8853.53761194053 225
8853.649345890557 227
8853.590777765103 229
8853.573921974554 230
8853.567848188264 231
8853.56555942224 232
8853.56747277997 233
8853.56279314601 234
8853.584574488896 235
8953.569368945398 236
8853.5465112604 237
8853.550472889496 238
8853.535295791722 240
8953.449346022 241
8853.547322884606 242
8953.538937032756 243
8853.546408265354 244
8853.546910492663 245
8853.53908843816 246
8853.543021627142 247
8953.51021847767 248
8853.545267272979 250
8853.540001056086 251
8853.548295911865 252
8853.549541028679 253
8953.539633856106 254
8953.712186797195 255
8853.549376233577 256
8853.539786164927 257
8853.550557865943 258
8953.5384409717 259
8853.540599595784 260
8853.54540127535 261
8953.538381814185 262
8953.545301223125 263
8853.544202536787 264
8853.546411364583 265
8853.542411752318 266
8853.545669873072 267
8853.545206425348 268
8853.540583317817 269
8853.545485918976 270
8853.550632885075 271
8853.54268545691 272
8853.539994651226 273
8853.54220196106 274
8853.554156038877 275
8853.53830940901 276
8853.544847455947 277
8853.537862736359 278
8853.538839219123 279
8853.542917971778 280
8853.537056173358 281
8853.544118830654 282
8853.544928427633 283
8853.538254959916 284
8853.539461497869 285
8853.540290371237 287
8953.540971863167 288
8853.535893364846 289
8853.536871628268 290
8853.53575873287 291
8953.53677517439 292
8953.538115584466 293
8853.536231723356 294
8853.539038122097 295
8953.53498802608 296
8853.535072656885 297
8853.535639741118 298
8853.53573997555 299
8853.535263008409 300
8853.534990317141 301
8853.5360304153 302
8953.535238011602 303
8853.53614204208 304
8853.53491733377 305
8853.535900591678 306
8853.53649154213 307
8853.534626230987 308
8853.534865108291 309
8853.537989626531 310
8953.53820868007 311
8853.538251032433 312
8853.535134470025 313
8853.535542840447 314
8853.537862467723 315
8853.53593576941 316
8953.535956519456 317
8853.5374668371 318
8953.537016198945 319
8853.535778274725 320
8853.535443665693 321
8853.535453145676 322
8853.535466484273 323
8953.534748137807 324
8853.535294907575 325
8853.5357119343 326
8853.535413701899 327
8853.535093024238 328
8953.534998283265 329
8853.535027564212 330
8853.534311081774 331
8853.534260652266 332
8953.53458400251 333
8853.53416685841 334
8853.534167766751 335
8953.534617430756 336
8853.534041447256 337
8853.533995601518 338
8853.53399787555 339
8953.534239943609 340
8853.534267712672 341
8853.534085908814 342
8853.534186538454 343
8853.534085303989 344
8853.534044598584 345
8853.534175474346 346
8853.534114262815 347
8853.534065067744 348
8853.534233967215 349
8853.534218699977 350
8853.534285743513 351
8953.533980827064 352
8953.534023682649 353
8853.534030105293 354
8853.534009058762 355
8853.534030428746 356
8853.534036168658 357
8953.533997834493 358
8853.533981923758 359
8853.534126886841 360
8953.534093680868 361
8853.534047455058 362
8853.534242123756 363
8853.534001455582 364
8853.534031360377 365
8853.534002152457 366
8853.534032560432 367
8853.534082576209 368
8953.53398246346 369
8853.53408112395 370
8953.53395751207 371
8853.53396353739 372
8853.534156913607 373
8853.533978321902 374
8853.53400215158 375
8853.533990360014 376
8853.534013073238 377
8853.533990998663 378
8853.534008264622 379
8853.533966034272 380
8853.53396035172 381
8853.533967049252 382
8853.533964328304 383
8853.533969291762 384
8853.533967834377 385
8853.533979700585 386
8853.533966321838 387
8853.53395541177 388
8953.533966660912 389
8853.533964181579 390
8853.533978009624 391
8853.53399455806 392
8853.533956719872 393
8953.533944819508 394
8953.533958994689 395
8853.533956258812 396
8953.53396770803 397
8953.53395549412 398
8853.533951880061 399
8853.533965994593 400
8853.533962796446 401
8853.533971104383 402
8853.533962256872 403
8853.533948563712 404
8853.533955083585 405
8853.533954297178 406
8953.533952567688 407
8853.53395446232 408
8953.533952566118 409
8853.53395640229 410
8853.533975990998 411
8853.533953840852 412
8853.533966288338 413
8953.53395892395 414
8853.53398178748 415
8853.53398178748 416
8853.53398178748 417
8853.53398178748 418
8853.53398178748 419
8853.53398178748 420
8853.53398178748 421
8853.53398178748 422
8853.53398178748 423
8853.53398178748 424
8853.53398178748 425
8853.53398178748 426
8853.53398178748 427
8853.53398178748 428
8853.53398178748 429
8853.53398178748 430
8853.53398178748 431
8853.53398178748 432
8853.53398178748 433
8853.53398178748 434
8853.53398178748 435
8853.53398178748 436
8853.53398178748 437
8853.53398178748 438
8853.53398178748 439
8853.53398178748 440
8853.53398178748 441
8853.53398178748 442
8853.53398178748 443
8853.53398178748 444
8853.53398178748 445
8853.53398178748 446
8853.53398178748 447
8853.53398178748 448
8853.53398178748 449
8853.53398178748 450
8853.53398178748 451
8853.53398178748 452
8853.53398178748 453
8853.53398178748 454
8853.53398178748 455
8853.53398178748 456
8853.53398178748 457
8853.53398178748 458
8853.53398178748 459
8853.53398178748 460
8853.53398178748 461
8853.53398178748 462
8853.53398178748 463
8853.53398178748 464
8853.53398178748 465
8853.53398178748 466
8853.53398178748 467
8853.53398178748 468
8853.53398178748 469
8853.53398178748 470
8853.53394004207 471
8853.53394004207 472
8853.53394004207 473
8853.53394004207 474
8853.53394004207 475
8853.53394004207 476
8853.53394004207 477
8853.53394004207 478
8853.53394004207 479
8853.53394004207 480
8853.53394004207 481
8853.53394004207 482
8853.53394004207 483
8853.53394004207 484
8853.53394004207 485
8853.53394004207 486
8853.53394004207 487
8853.53394004207 488
8853.53394004207 489
8853.53394004207 490
8853.53394004207 491
8853.53394004207 492
8853.53394004207 493
8853.53394004207 494
8853.53394004207 495
8853.53394004207 496
8853.53394004207 497
8853.53394004207 498
8853.53394004207 499
8853.53394004207 500
8853.53394004207 501
8853.53394004207 502
8853.53394004207 503
8853.53394004207 504
8853.53394004207 505
8853.53394004207 506
8853.53394004207 507
8853.53394004207 508
8853.53394004207 509
8853.53394004207 510
8853.53394004207 511
8853.53394004207 512
8853.53394004207 513
8853.53394004207 514
8853.53394004207 515
8853.53394004207 516
8853.53394004207 517
8853.53394004207 518
8853.53394004207 519
8853.53394004207 520
8853.533939401315 521
8853.533939327048 522
8853.533939327048 523
8853.533939327048 524
8853.533939327048 525
8853.533939327048 526
8853.533939327048 527
8853.533939327048 528
8853.533939293353 529
8853.533939293353 530
8853.533939293353 531
8853.533939293353 532
8853.533939293353 533
8853.533939293353 534
8853.533939293353 535
8853.533939293353 536
8853.533939293353 537
8853.533939293353 538
8853.533939293353 539
8853.533939293353 540
8853.533939245997 541
8853.533939245997 542
8853.533939245997 543
8853.533939233046 544
8853.533939233046 545
8853.533939233046 546
8853.533939233046 547
8853.533939233046 548
8853.533939233004 549
8853.53393922963 550
8853.53393922963 551
8853.533939226883 552
8853.533939226883 553
8853.533939226883 554
8853.533939226883 555
8853.533939226883 556
8853.533939226883 557
8853.533939225847 558
8853.533939225847 559
8853.533939225514 560
8853.533939225514 561
8853.533939225514 562
8853.533939225514 563
8853.533939225514 564
8853.533939223475 565
8853.533939223475 566
8853.533939222962 567
8853.533939222962 568
8853.533939222962 569
8853.533939222663 570
8853.533939222663 571
8853.533939222663 572
8853.533939222045 573
8853.533939222045 574
8853.533939222045 575
8853.533939220097 576
8853.533939220097 577
8853.533939219926 578
8853.533939219926 579
8853.533939219926 580
8853.533939219926 581
8853.533939219926 582
8853.533939219702 583
8853.533939219684 584
8853.533939219684 585
8853.533939219684 586
8853.533939219684 587
8853.533939219527 588
8853.533939219527 589
8853.533939219527 590
8853.533939219258 591
8853.533939219258 592
8853.533939219258 593
8853.533939219258 594
8853.53393921921 595
8853.533939219164 596
8853.533939219164 597
8853.533939219142 598
8853.533939219142 599
8853.53393921914 600
8853.533939219109 601
8853.533939219109 602
8853.533939219096 603
8853.533939219053 604
8853.533939219053 605
8853.533939219053 606
8853.533939219053 607
8853.533939219053 608
8853.533939219053 609
8853.533939219053 610
8853.533939219053 611
8853.533939219053 612
8853.533939219053 613
8853.53393921905 614
8853.53393921905 615
8853.53393921905 616
8853.53393921905 617
8853.53393921905 618
8853.53393921905 619
8853.53393921905 620
8853.533939219036 621
8853.533939219036 622
8853.533939219036 623
8853.533939219033 624
8853.533939219029 625
8853.533939219029 626
8853.533939219025 627
8853.53393921902 628
8853.53393921902 629
8853.53393921902 630
8853.533939219018 631
8853.533939219018 632
8853.533939219014 633
8853.533939219014 634
8853.533939219014 635
8853.533939219014 636
8853.533939219013 637
8853.533939219013 638
8853.53393921901 639
8853.53393921901 640
8853.53393921901 641
8853.53393921901 642
8853.53393921901 643
8853.53393921901 644
8853.53393921901 645
8853.53393921901 646
8853.53393921901 647
8853.53393921901 648
8853.53393921901 649
8853.53393921901 650
8853.53393921901 651
8853.53393921901 652
8853.53393921901 653
8853.53393921901 654
8853.53393921901 655
8853.53393921901 656
8853.53393921901 657
8853.53393921901 658
8853.53393921901 659
8853.53393921901 660
8853.53393921901 661
8853.53393921901 662
8853.53393921901 663
8853.53393921901 664
8853.53393921901 665
8853.53393921901 666
8853.53393921901 667
8853.53393921901 668
8853.53393921901 669
8853.53393921901 670
8853.53393921901 671
8853.53393921901 672
8853.53393921901 673
8853.53393921901 674
8853.53393921901 675
8853.53393921901 676
8853.53393921901 677
8853.53393921901 678
8853.53393921901 679
8853.53393921901 680
8853.53393921901 681
8853.53393921901 682
8853.53393921901 683
8853.53393921901 684
8853.53393921901 685
8853.53393921901 686
8853.53393921901 687
8853.53393921901 688
8853.53393921901 689
8853.53393921901 690
8853.53393921901 691
8853.53393921901 692
8853.53393921901 693
8853.53393921901 694
8853.53393921901 695
8853.53393921901 696
8853.53393921901 697
8853.53393921901 698
8853.53393921901 699
8853.53393921901 700
8853.53393921901 701
8853.53393921901 702
8853.53393921901 703
8853.53393921901 704
8853.53393921901 705
8853.53393921901 706
8853.53393921901 707
8853.53393921901 708
8853.53393921901 709
8853.53393921901 710
8853.53393921901 711
8853.53393921901 712
8853.53393921901 713
8853.53393921901 714
8853.53393921901 715
8853.53393921901 716
8853.53393921901 717
8853.53393921901 718
8853.53393921901 719
8853.53393921901 720
8853.53393921901 721
8853.53393921901 722
8853.53393921901 723
8853.53393921901 724
8853.53393921901 725
8853.53393921901 726
8853.53393921901 727
8853.53393921901 728
8853.53393921901 729
8853.53393921901 730
8853.53393921901 731
8853.53393921901 732
8853.53393921901 733
8853.53393921901 734
8853.53393921901 735
8853.53393921901 736
8853.53393921901 737
8853.53393921901 738
8853.53393921901 739
8853.53393921901 740
8853.53393921901 741
8853.53393921901 742
8853.53393921901 743
8853.53393921901 744
8853.53393921901 745
8853.53393921901 746
8853.53393921901 747
8853.53393921901 748
8853.53393921901 749
8853.53393921901 750
8853.53393921901 751
8853.53393921901 752
8853.53393921901 753
8853.53393921901 754
8853.53393921901 755
8853.53393921901 756
8853.53393921901 757
8853.53393921901 758
8853.53393921901 759
8853.53393921901 760
8853.53393921901 761
8853.53393921901 762
8853.53393921901 763
8853.53393921901 764
8853.53393921901 765
8853.53393921901 766
8853.53393921901 767
8853.53393921901 768
8853.53393921901 769
8853.53393921901 770
8853.53393921901 771
8853.53393921901 772
8853.53393921901 773
8853.53393921901 774
8853.53393921901 775
8853.53393921901 776
8853.53393921901 777
8853.53393921901 778
8853.53393921901 779
8853.53393921901 780
8853.53393921901 781
8853.53393921901 782
8853.53393921901 783
8853.53393921901 784
8853.53393921901 785
8853.53393921901 786
8853.53393921901 787
8853.53393921901 788
8853.53393921901 789
8853.53393921901 790
8853.53393921901 791
8853.53393921901 792
8853.53393921901 793
8853.53393921901 794
8853.53393921901 795
8853.53393921901 796
8853.53393921901 797
8853.53393921901 798
8853.53393921901 799
8853.53393921901 800
8853.53393921901 801
8853.53393921901 802
8853.53393921901 803
8853.53393921901 804
8853.53393921901 805
8853.53393921901 806
8853.53393921901 807
8853.53393921901 808
8853.53393921901 809
8853.53393921901 810
8853.53393921901 811
8853.53393921901 812
8853.53393921901 813
8853.53393921901 814
8853.53393921901 815
8853.53393921901 816
8853.53393921901 817
8853.53393921901 818
8853.53393921901 819
8853.53393921901 820
8853.53393921901 821
8853.53393921901 822
8853.53393921901 823
8853.53393921901 824
8853.53393921901 825
8853.53393921901 826
8853.53393921901 827
8853.53393921901 828
8853.53393921901 829
8853.53393921901 830
8853.53393921901 831
8853.53393921901 832
8853.53393921901 833
8853.53393921901 834
8853.53393921901 835
8853.53393921901 836
8853.53393921901 837
8853.53393921901 838
8853.53393921901 839
8853.53393921901 840
8853.53393921901 841
8853.53393921901 842
8853.53393921901 843
8853.53393921901 844
8853.53393921901 845
8853.53393921901 846
8853.53393921901 847
8853.53393921901 848
8853.53393921901 849
8853.53393921901 850
8853.53393921901 851
8853.53393921901 852
8853.53393921901 853
8853.53393921901 854
8853.53393921901 855
8853.53393921901 856
8853.53393921901 857
8853.53393921901 858
8853.53393921901 859
8853.53393921901 860
8853.53393921901 861
8853.53393921901 862
8853.53393921901 863
8853.53393921901 864
8853.53393921901 865
8853.53393921901 866
8853.53393921901 867
8853.53393921901 868
8853.53393921901 869
8853.53393921901 870
8853.53393921901 871
8853.53393921901 872
8853.53393921901 873
8853.53393921901 874
8853.53393921901 875
8853.53393921901 876
8853.53393921901 877
8853.53393921901 878
8853.53393921901 879
8853.53393921901 880
8853.53393921901 881
8853.53393921901 882
8853.53393921901 883
8853.53393921901 884
8853.53393921901 885
8853.53393921901 886
8853.53393921901 887
8853.53393921901 888
8853.53393921901 889
8853.53393921901 890
8853.53393921901 891
8853.53393921901 892
8853.53393921901 893
8853.53393921901 894
8853.53393921901 895
8853.53393921901 896
8853.53393921901 897
8853.53393921901 898
8853.53393921901 899
8853.53393921901 900
8853.53393921901 901
8853.53393921901 902
8853.53393921901 903
8853.53393921901 904
8853.53393921901 905
8853.53393921901 906
8853.53393921901 907
8853.53393921901 908
8853.53393921901 909
8853.53393921901 910
8853.53393921901 911
8853.53393921901 912
8853.53393921901 913
8853.53393921901 914
8853.53393921901 915
8853.53393921901 916
8853.53393921901 917
8853.53393921901 918
8853.53393921901 919
8853.53393921901 920
8853.53393921901 921
8853.53393921901 922
8853.53393921901 923
8853.53393921901 924
8853.53393921901 925
8853.53393921901 926
8853.53393921901 927
8853.53393921901 928
8853.53393921901 929
8853.53393921901 930
8853.53393921901 931
8853.53393921901 932
8853.53393921901 933
8853.53393921901 934
8853.53393921901 935
8853.53393921901 936
8853.53393921901 937
8853.53393921901 938
8853.53393921901 939
8853.53393921901 940
8853.53393921901 941
8853.53393921901 942
8853.53393921901 943
8853.53393921901 944
8853.53393921901 945
8853.53393921901 946
8853.53393921901 947
8853.53393921901 948
8853.53393921901 949
8853.53393921901 950
8853.53393921901 951
8853.53393921901 952
8853.53393921901 953
8853.53393921901 954
8853.53393921901 955
8853.53393921901 956
8853.53393921901 957
8853.53393921901 958
8853.53393921901 959
8853.53393921901 960
8853.53393921901 961
8853.53393921901 962
8853.53393921901 963
8853.53393921901 964
8853.53393921901 965
8853.53393921901 966
8853.53393921901 967
8853.53393921901 968
8853.53393921901 969
8853.53393921901 970
8853.53393921901 971
8853.53393921901 972
8853.53393921901 973
8853.53393921901 974
8853.53393921901 975
8853.53393921901 976
8853.53393921901 977
8853.53393921901 978
8853.53393921901 979
8853.53393921901 980
8853.53393921901 981
8853.53393921901 982
8853.53393921901 983
8853.53393921901 984
8853.53393921901 985
8853.53393921901 986
8853.53393921901 987
8853.53393921901 988
8853.53393921901 989
8853.53393921901 990
8853.53393921901 991
8853.53393921901 992
8853.53393921901 993
8853.53393921901 994
8853.53393921901 995
8853.53393921901 996
8853.53393921901 997
8853.53393921901 998
8853.53393921901 999
8853.53393921901 1000
8853.53393921901 1001
8853.53393921901 1002
8853.53393921901 1003
8853.53393921901 1004
8853.53393921901 1005
8853.53393921901 1006
8853.53393921901 1007
8853.53393921901 1008
8853.53393921901 1009
8853.53393921901 1010
8853.53393921901 1011
8853.53393921901 1012
8853.53393921901 1013
8853.53393921901 1014
8853.53393921901 1015
8853.53393921901 1016
8853.53393921901 1017
8853.53393921901 1018
8853.53393921901 1019
8853.53393921901 1020
8853.53393921901 1021
8853.53393921901 1022
8853.53393921901 1023
8853.53393921901 1024
8853.53393921901 1025
8853.53393921901 1026
8853.53393921901 1027
8853.53393921901 1028
8853.53393921901 1029
8853.53393921901 1030
8853.53393921901 1031
8853.53393921901 1032
8853.53393921901 1033
8853.53393921901 1034
8853.53393921901 1035
8853.53393921901 1036
8853.53393921901 1037
8853.53393921901 1038
8853.53393921901 1039
8853.53393921901 1040
8853.53393921901 1041
8853.53393921901 1042
8853.53393921901 1043
8853.53393921901 1044
8853.53393921901 1045
8853.53393921901 1046
8853.53393921901 1047
8853.53393921901 1048
8853.53393921901 1049
8853.53393921901 1050
8853.53393921901 1051
8853.53393921901 1052
8853.53393921901 1053
8853.53393921901 1054
8853.53393921901 1055
8853.53393921901 1056
8853.53393921901 1057
8853.53393921901 1058
8853.53393921901 1059
8853.53393921901 1060
8853.53393921901 1061
8853.53393921901 1062
8853.53393921901 1063
8853.53393921901 1064
8853.53393921901 1065
8853.53393921901 1066
8853.53393921901 1067
8853.53393921901 1068
8853.53393921901 1069
8853.53393921901 1070
8853.53393921901 1071
8853.53393921901 1072
8853.53393921901 1073
8853.53393921901 1074
8853.53393921901 1075
8853.53393921901 1076
8853.53393921901 1077
8853.53393921901 1078
8853.53393921901 1079
8853.53393921901 1080
8853.53393921901 1081
8853.53393921901 1082
8853.53393921901 1083
8853.53393921901 1084
8853.53393921901 1085
8853.53393921901 1086
8853.53393921901 1087
8853.53393921901 1088
8853.53393921901 1089
8853.53393921901 1090
8853.53393921901 1091
8853.53393921901 1092
8853.53393921901 1093
8853.53393921901 1094
8853.53393921901 1095
8853.53393921901 1096
8853.53393921901 1097
8853.53393921901 1098
8853.53393921901 1099
8853.53393921901 1100
8853.53393921901 1101
8853.53393921901 1102
8853.53393921901 1103
8853.53393921901 1104
8853.53393921901 1105
8853.53393921901 1106
8853.53393921901 1107
8853.53393921901 1108
8853.53393921901 1109
8853.53393921901 1110
8853.53393921901 1111
8853.53393921901 1112
8853.53393921901 1113
8853.53393921901 1114
8853.53393921901 1115
8853.53393921901 1116
8853.53393921901 1117
8853.53393921901 1118
8853.53393921901 1119
8853.53393921901 1120
8853.53393921901 1121
8853.53393921901 1122
8853.53393921901 1123
8853.53393921901 1124
8853.53393921901 1125
8853.53393921901 1126
8853.53393921901 1127
8853.53393921901 1128
8853.53393921901 1129
8853.53393921901 1130
8853.53393921901 1131
8853.53393921901 1132
8853.53393921901 1133
8853.53393921901 1134
8853.53393921901 1135
8853.53393921901 1136
8853.53393921901 1137
8853.53393921901 1138
8853.53393921901 1139
8853.53393921901 1140
8853.53393921901 1141
8853.53393921901 1142
8853.53393921901 1143
8853.53393921901 1144
8853.53393921901 1145
8853.53393921901 1146
8853.53393921901 1147
8853.53393921901 1148
8853.53393921901 1149
8853.53393921901 1150
8853.53393921901 1151
8853.53393921901 1152
8853.53393921901 1153
8853.53393921901 1154
8853.53393921901 1155
8853.53393921901 1156
8853.53393921901 1157
8853.53393921901 1158
8853.53393921901 1159
8853.53393921901 1160
8853.53393921901 1161
8853.53393921901 1162
8853.53393921901 1163
8853.53393921901 1164
8853.53393921901 1165
8853.53393921901 1166
8853.53393921901 1167
8853.53393921901 1168
8853.53393921901 1169
8853.53393921901 1170
8853.53393921901 1171
8853.53393921901 1172
8853.53393921901 1173
8853.53393921901 1174
8853.53393921901 1175
8853.53393921901 1176
8853.53393921901 1177
8853.53393921901 1178
8853.53393921901 1179
8853.53393921901 1180
8853.53393921901 1181
8853.53393921901 1182
8853.53393921901 1183
8853.53393921901 1184
8853.53393921901 1185
8853.53393921901 1186
8853.53393921901 1187
8853.53393921901 1188
8853.53393921901 1189
8853.53393921901 1190
8853.53393921901 1191
8853.53393921901 1192
8853.53393921901 1193
8853.53393921901 1194
8853.53393921901 1195
8853.53393921901 1196
8853.53393921901 1197
8853.53393921901 1198
8853.53393921901 1199
8853.53393921901 1200
8853.53393921901 1201
8853.53393921901 1202
8853.53393921901 1203
8853.53393921901 1204
8853.53393921901 1205
8853.53393921901 1206
8853.53393921901 1207
8853.53393921901 1208
8853.53393921901 1209
8853.53393921901 1210
8853.53393921901 1211
8853.53393921901 1212
8853.53393921901 1213
8853.53393921901 1214
8853.53393921901 1215
8853.53393921901 1216
8853.53393921901 1217
8853.53393921901 1218
8853.53393921901 1219
8853.53393921901 1220
8853.53393921901 1221
8853.53393921901 1222
8853.53393921901 1223
8853.53393921901 1224
8853.53393921901 1225
8853.53393921901 1226
8853.53393921901 1227
8853.53393921901 1228
8853.53393921901 1229
8853.53393921901 1230
8853.53393921901 1231
8853.53393921901 1232
8853.53393921901 1233
8853.53393921901 1234
8853.53393921901 1235
8853.53393921901 1236
8853.53393921901 1237
8853.53393921901 1238
8853.53393921901 1239
8853.53393921901 1240
8853.53393921901 1241
8853.53393921901 1242
8853.53393921901 1243
8853.53393921901 1244
8853.53393921901 1245
8853.53393921901 1246
8853.53393921901 1247
8853.53393921901 1248
8853.53393921901 1249
8853.53393921901 1250
8853.53393921901 1251
8853.53393921901 1252
8853.53393921901 1253
8853.53393921901 1254
8853.53393921901 1255
8853.53393921901 1256
8853.53393921901 1257
8853.53393921901 1258
8853.53393921901 1259
8853.53393921901 1260
8853.53393921901 1261
8853.53393921901 1262
8853.53393921901 1263
8853.53393921901 1264
8853.53393921901 1265
8853.53393921901 1266
8853.53393921901 1267
8853.53393921901 1268
8853.53393921901 1269
8853.53393921901 1270
8853.53393921901 1271
8853.53393921901 1272
8853.53393921901 1273
8853.53393921901 1274
8853.53393921901 1275
8853.53393921901 1276
8853.53393921901 1277
8853.53393921901 1278
8853.53393921901 1279
8853.53393921901 1280
8853.53393921901 1281
8853.53393921901 1282
8853.53393921901 1283
8853.53393921901 1284
8853.53393921901 1285
8853.53393921901 1286
8853.53393921901 1287
8853.53393921901 1288
8853.53393921901 1289
8853.53393921901 1290
8853.53393921901 1291
8853.53393921901 1292
8853.53393921901 1293
8853.53393921901 1294
8853.53393921901 1295
8853.53393921901 1296
8853.53393921901 1297
8853.53393921901 1298
8853.53393921901 1299
8853.53393921901 1300
8853.53393921901 1301
8853.53393921901 1302
8853.53393921901 1303
8853.53393921901 1304
8853.53393921901 1305
8853.53393921901 1306
8853.53393921901 1307
8853.53393921901 1308
8853.53393921901 1309
8853.53393921901 1310
8853.53393921901 1311
8853.53393921901 1312
8853.53393921901 1313
8853.53393921901 1314
8853.53393921901 1315
8853.53393921901 1316
8853.53393921901 1317
8853.53393921901 1318
8853.53393921901 1319
8853.53393921901 1320
8853.53393921901 1321
8853.53393921901 1322
8853.53393921901 1323
8853.53393921901 1324
8853.53393921901 1325
8853.53393921901 1326
8853.53393921901 1327
8853.53393921901 1328
8853.53393921901 1329
8853.53393921901 1330
8853.53393921901 1331
8853.53393921901 1332
8853.53393921901 1333
8853.53393921901 1334
8853.53393921901 1335
8853.53393921901 1336
8853.53393921901 1337
8853.53393921901 1338
8853.53393921901 1339
8853.53393921901 1340
8853.53393921901 1341
8853.53393921901 1342
8853.53393921901 1343
8853.53393921901 1344
8853.53393921901 1345
8853.53393921901 1346
8853.53393921901 1347
8853.53393921901 1348
8853.53393921901 1349
8853.53393921901 1350
8853.53393921901 1351
8853.53393921901 1352
8853.53393921901 1353
8853.53393921901 1354
8853.53393921901 1355
8853.53393921901 1356
8853.53393921901 1357
8853.53393921901 1358
8853.53393921901 1359
8853.53393921901 1360
8853.53393921901 1361
8853.53393921901 1362
8853.53393921901 1363
8853.53393921901 1364
8853.53393921901 1365
8853.53393921901 1366
8853.53393921901 1367
8853.53393921901 1368
8853.53393921901 1369
8853.53393921901 1370
8853.53393921901 1371
8853.53393921901 1372
8853.53393921901 1373
8853.53393921901 1374
8853.53393921901 1375
8853.53393921901 1376
8853.53393921901 1377
8853.53393921901 1378
8853.53393921901 1379
8853.53393921901 1380
8853.53393921901 1381
8853.53393921901 1382
8853.53393921901 1383
8853.53393921901 1384
8853.53393921901 1385
8853.53393921901 1386
8853.53393921901 1387
8853.53393921901 1388
8853.53393921901 1389
8853.53393921901 1390
8853.53393921901 1391
8853.53393921901 1392
8853.53393921901 1393
8853.53393921901 1394
8853.53393921901 1395
8853.53393921901 1396
8853.53393921901 1397
8853.53393921901 1398
8853.53393921901 1399
8853.53393921901 1400
8853.53393921901 1401
8853.53393921901 1402
8853.53393921901 1403
8853.53393921901 1404
8853.53393921901 1405
8853.53393921901 1406
8853.53393921901 1407
8853.53393921901 1408
8853.53393921901 1409
8853.53393921901 1410
8853.53393921901 1411
8853.53393921901 1412
8853.53393921901 1413
8853.53393921901 1414
8853.53393921901 1415
8853.53393921901 1416
8853.53393921901 1417
8853.53393921901 1418
8853.53393921901 1419
8853.53393921901 1420
8853.53393921901 1421
8853.53393921901 1422
8853.53393921901 1423
8853.53393921901 1424
8853.53393921901 1425
8853.53393921901 1426
8853.53393921901 1427
8853.53393921901 1428
8853.53393921901 1429
8853.53393921901 1430
8853.53393921901 1431
8853.53393921901 1432
8853.53393921901 1433
8853.53393921901 1434
8853.53393921901 1435
8853.53393921901 1436
8853.53393921901 1437
8853.53393921901 1438
8853.53393921901 1439
8853.53393921901 1440
8853.53393921901 1441
8853.53393921901 1442
8853.53393921901 1443
8853.53393921901 1444
8853.53393921901 1445
8853.53393921901 1446
8853.53393921901 1447
8853.53393921901 1448
8853.53393921901 1449
8853.53393921901 1450
8853.53393921901 1451
8853.53393921901 1452
8853.53393921901 1453
8853.53393921901 1454
8853.53393921901 1455
8853.53393921901 1456
8853.53393921901 1457
8853.53393921901 1458
8853.53393921901 1459
8853.53393921901 1460
8853.53393921901 1461
8853.53393921901 1462
8853.53393921901 1463
8853.53393921901 1464
8853.53393921901 1465
8853.53393921901 1466
8853.53393921901 1467
8853.53393921901 1468
8853.53393921901 1469
8853.53393921901 1470
8853.53393921901 1471
8853.53393921901 1472
8853.53393921901 1473
8853.53393921901 1474
8853.53393921901 1475
8853.53393921901 1476
8853.53393921901 1477
8853.53393921901 1478
8853.53393921901 1479
8853.53393921901 1480
8853.53393921901 1481
8853.53393921901 1482
8853.53393921901 1483
8853.53393921901 1484
8853.53393921901 1485
8853.53393921901 1486
8853.53393921901 1487
8853.53393921901 1488
8853.53393921901 1489
8853.53393921901 1490
8853.53393921901 1491
8853.53393921901 1492
8853.53393921901 1493
8853.53393921901 1494
8853.53393921901 1495
8853.53393921901 1496
8853.53393921901 1497
8853.53393921901 1498
8853.53393921901 1499
8853.53393921901 1500
8853.53393921901 1501
8853.53393921901 1502
8853.53393921901 1503
8853.53393921901 1504
8853.53393921901 1505
8853.53393921901 1506
8853.53393921901 1507
8853.53393921901 1508
8853.53393921901 1509
8853.53393921901 1510
8853.53393921901 1511
8853.53393921901 1512
8853.53393921901 1513
8853.53393921901 1514
8853.53393921901 1515
8853.53393921901 1516
8853.53393921901 1517
8853.53393921901 1518
8853.53393921901 1519
8853.53393921901 1520
8853.53393921901 1521
8853.53393921901 1522
8853.53393921901 1523
8853.53393921901 1524
8853.53393921901 1525
8853.53393921901 1526
8853.53393921901 1527
8853.53393921901 1528
8853.53393921901 1529
8853.53393921901 1530
8853.53393921901 1531
8853.53393921901 1532
8853.53393921901 1533
8853.53393921901 1534
8853.53393921901 1535
8853.53393921901 1536
8853.53393921901 1537
8853.53393921901 1538
8853.53393921901 1539
8853.53393921901 1540
8853.53393921901 1541
8853.53393921901 1542
8853.53393921901 1543
8853.53393921901 1544
8853.53393921901 1545
8853.53393921901 1546
8853.53393921901 1547
8853.53393921901 1548
8853.53393921901 1549
8853.53393921901 1550
8853.53393921901 1551
8853.53393921901 1552
8853.53393921901 1553
8853.53393921901 1554
8853.53393921901 1555
8853.53393921901 1556
8853.53393921901 1557
8853.53393921901 1558
8853.53393921901 1559
8853.53393921901 1560
8853.53393921901 1561
8853.53393921901 1562
8853.53393921901 1563
8853.53393921901 1564
8853.53393921901 1565
8853.53393921901 1566
8853.53393921901 1567
8853.53393921901 1568
8853.53393921901 1569
8853.53393921901 1570
8853.53393921901 1571
8853.53393921901 1572
8853.53393921901 1573
8853.53393921901 1574
8853.53393921901 1575
8853.53393921901 1576
8853.53393921901 1577
8853.53393921901 1578
8853.53393921901 1579
8853.53393921901 1580
8853.53393921901 1581
8853.53393921901 1582
8853.53393921901 1583
8853.53393921901 1584
8853.53393921901 1585
8853.53393921901 1586
8853.53393921901 1587
8853.53393921901 1588
8853.53393921901 1589
8853.53393921901 1590
8853.53393921901 1591
8853.53393921901 1592
8853.53393921901 1593
8853.53393921901 1594
8853.53393921901 1595
8853.53393921901 1596
8853.53393921901 1597
8853.53393921901 1598
8853.53393921901 1599
8853.53393921901 1600
8853.53393921901 1601
8853.53393921901 1602
8853.53393921901 1603
8853.53393921901 1604
8853.53393921901 1605
8853.53393921901 1606
8853.53393921901 1607
8853.53393921901 1608
8853.53393921901 1609
8853.53393921901 1610
8853.53393921901 1611
8853.53393921901 1612
8853.53393921901 1613
8853.53393921901 1614
8853.53393921901 1615
8853.53393921901 1616
8853.53393921901 1617
8853.53393921901 1618
8853.53393921901 1619
8853.53393921901 1620
8853.53393921901 1621
8853.53393921901 1622
8853.53393921901 1623
8853.53393921901 1624
8853.53393921901 1625
8853.53393921901 1626
8853.53393921901 1627
8853.53393921901 1628
8853.53393921901 1629
8853.53393921901 1630
8853.53393921901 1631
8853.53393921901 1632
8853.53393921901 1633
8853.53393921901 1634
8853.53393921901 1635
8853.53393921901 1636
8853.53393921901 1637
8853.53393921901 1638
8853.53393921901 1639
8853.53393921901 1640
8853.53393921901 1641
8853.53393921901 1642
8853.53393921901 1643
8853.53393921901 1644
8853.53393921901 1645
8853.53393921901 1646
8853.53393921901 1647
8853.53393921901 1648
8853.53393921901 1649
8853.53393921901 1650
8853.53393921901 1651
8853.53393921901 1652
8853.53393921901 1653
8853.53393921901 1654
8853.53393921901 1655
8853.53393921901 1656
8853.53393921901 1657
8853.53393921901 1658
8853.53393921901 1659
8853.53393921901 1660
8853.53393921901 1661
8853.53393921901 1662
8853.53393921901 1663
8853.53393921901 1664
8853.53393921901 1665
8853.53393921901 1666
8853.53393921901 1667
8853.53393921901 1668
8853.53393921901 1669
8853.53393921901 1670
8853.53393921901 1671
8853.53393921901 1672
8853.53393921901 1673
8853.53393921901 1674
8853.53393921901 1675
8853.53393921901 1676
8853.53393921901 1677
8853.53393921901 1678
8853.53393921901 1679
8853.53393921901 1680
8853.53393921901 1681
8853.53393921901 1682
8853.53393921901 1683
8853.53393921901 1684
8853.53393921901 1685
8853.53393921901 1686
8853.53393921901 1687
8853.53393921901 1688
8853.53393921901 1689
8853.53393921901 1690
8853.53393921901 1691
8853.53393921901 1692
8853.53393921901 1693
8853.53393921901 1694
8853.53393921901 1695
8853.53393921901 1696
8853.53393921901 1697
8853.53393921901 1698
8853.53393921901 1699
8853.53393921901 1700
8853.53393921901 1701
8853.53393921901 1702
8853.53393921901 1703
8853.53393921901 1704
8853.53393921901 1705
8853.53393921901 1706
8853.53393921901 1707
8853.53393921901 1708
8853.53393921901 1709
8853.53393921901 1710
8853.53393921901 1711
8853.53393921901 1712
8853.53393921901 1713
8853.53393921901 1714
8853.53393921901 1715
8853.53393921901 1716
8853.53393921901 1717
8853.53393921901 1718
8853.53393921901 1719
8853.53393921901 1720
8853.53393921901 1721
8853.53393921901 1722
8853.53393921901 1723
8853.53393921901 1724
8853.53393921901 1725
8853.53393921901 1726
8853.53393921901 1727
8853.53393921901 1728
8853.53393921901 1729
8853.53393921901 1730
8853.53393921901 1731
8853.53393921901 1732
8853.53393921901 1733
8853.53393921901 1734
8853.53393921901 1735
8853.53393921901 1736
8853.53393921901 1737
8853.53393921901 1738
8853.53393921901 1739
8853.53393921901 1740
8853.53393921901 1741
8853.53393921901 1742
8853.53393921901 1743
8853.53393921901 1744
8853.53393921901 1745
8853.53393921901 1746
8853.53393921901 1747
8853.53393921901 1748
8853.53393921901 1749
8853.53393921901 1750
8853.53393921901 1751
8853.53393921901 1752
8853.53393921901 1753
8853.53393921901 1754
8853.53393921901 1755
8853.53393921901 1756
8853.53393921901 1757
8853.53393921901 1758
8853.53393921901 1759
8853.53393921901 1760
8853.53393921901 1761
8853.53393921901 1762
8853.53393921901 1763
8853.53393921901 1764
8853.53393921901 1765
8853.53393921901 1766
8853.53393921901 1767
8853.53393921901 1768
8853.53393921901 1769
8853.53393921901 1770
8853.53393921901 1771
8853.53393921901 1772
8853.53393921901 1773
8853.53393921901 1774
8853.53393921901 1775
8853.53393921901 1776
8853.53393921901 1777
8853.53393921901 1778
8853.53393921901 1779
8853.53393921901 1780
8853.53393921901 1781
8853.53393921901 1782
8853.53393921901 1783
8853.53393921901 1784
8853.53393921901 1785
