894.0450753101567 0
566.7910811723211 1
254.57345832845442 2
741.2353687225761 3
203.38378668525172 4
284.8652259155105 5
488.1054888544884 6
237.33001279372488 7
469.1922688775912 8
342.06520322062437 11
278.5275826898912 12
255.3247120939375 14
287.8282582292918 15
361.0785028254701 17
525.2362383735141 18
518.4813163682816 19
539.3430773770974 20
425.9192316646716 21
493.95021978187157 22
365.6417300439021 24
231.285560002393 25
236.01581831957512 27
347.82765224406586 28
370.1408636438756 29
399.79568469292724 31
672.6709213091747 33
332.9031673932598 36
249.26543945555204 37
379.6092653592783 38
255.47925956035954 43
311.43135187154377 44
270.1834232847332 45
297.24446987137276 46
246.4796767560961 47
272.4093360137085 48
336.9135293804662 49
237.79540743658413 50
215.19901444655025 51
258.15962549842163 52
230.13992179884724 53
274.06576698831225 54
281.1907290650244 55
229.67425681196542 56
259.576210947239 57
333.5121342733428 58
223.44817821845422 59
204.61581043903473 60
305.4142683129128 61
193.84460164556847 62
214.93176133791616 63
214.98362615745526 64
199.93940566239962 65
240.71461975564878 66
264.1816014393188 67
208.7153484015398 68
248.22040404509693 69
244.84583565204466 70
224.91844186671705 71
274.0626641966914 72
210.7542255022294 73
292.08681977477556 74
259.3458721962827 75
242.5327669521483 76
210.0650093440184 77
208.90514171056296 78
243.2869122828488 79
197.05662907294692 80
244.5371376419526 81
194.8957863125537 83
228.79880766813864 85
235.01747096978025 86
250.8542999715822 87
212.78120757547518 88
235.8714887012973 89
342.2900256493412 90
238.41214653281614 91
260.01026811596023 92
203.65884900872967 93
214.02382421168474 94
250.87031384829334 95
204.44292514196738 96
225.9500146717109 97
212.64257080745378 98
223.6986061908397 99
209.2777140548867 100
211.41592787525295 101
214.01070979625734 102
227.51174513261628 103
199.021510780112 104
213.31358524234034 105
205.32463240716265 106
200.02438304160202 107
198.97267173518398 108
197.51853994422947 109
205.85899268370943 110
195.47625327339102 111
207.24793028356208 112
203.9297197762872 113
204.89695550591358 114
202.83125049813594 115
196.4683143638145 116
197.813170504421 117
194.54110815094802 118
200.04244898076726 119
196.69119222887795 120
197.37284739322362 121
198.24218569879588 122
193.89599006553985 123
194.2313241771666 124
195.67226318316477 125
194.06965204115338 126
194.6330977866381 128
195.94804220258303 129
195.20065644600578 130
193.81585383022852 131
195.95196919106067 132
196.22765985364381 133
195.80922649252986 134
196.81517524761261 135
195.58728183757782 136
198.0373959397201 137
199.1593619656855 138
203.23929002329845 139
197.234037862414 140
196.59721194740837 141
199.72563010596554 142
197.69490603150265 143
198.57241602802782 144
212.0901369498628 145
197.12208841528394 146
198.60802280585463 147
200.23646336772214 148
197.2907987930376 149
198.41061603655004 150
194.82495152894123 151
196.08418502537305 152
197.23858379265707 153
194.26739398947993 154
194.19317098352457 155
193.80174037617903 156
198.42094075244833 157
195.60740688484523 158
195.5349858923676 159
195.65560241973543 160
194.7019437019252 161
195.09839790634064 162
195.6435865140641 163
194.88380091499423 164
194.40120020316772 165
194.8080755240725 166
194.70769873941504 167
193.91609549349155 168
194.8330979984444 169
197.62102149940978 170
194.41755252751324 171
194.11152632728505 172
194.03984436381327 173
194.40709128553794 174
193.9948656022073 175
193.80289202689207 176
194.40590211619062 177
193.83722257811024 178
193.93704326762426 179
194.07259430696044 180
194.24628458124837 181
194.86723224027438 182
194.58847346612995 183
194.25997505303945 184
194.15066232055716 185
194.3674762039884 186
194.24991582088592 187
194.0528111996991 188
194.3261642164446 189
194.3261642164446 190
194.3261642164446 191
194.3261642164446 192
194.3261642164446 193
194.3261642164446 194
194.3261642164446 195
194.3261642164446 196
194.3261642164446 197
194.3261642164446 198
194.3261642164446 199
194.3261642164446 200
194.3261642164446 201
194.3261642164446 202
194.3261642164446 203
194.3261642164446 204
194.3261642164446 205
194.3261642164446 206
194.3261642164446 207
194.3261642164446 208
194.3261642164446 209
194.3261642164446 210
194.3261642164446 211
194.3261642164446 212
194.3261642164446 213
194.3261642164446 214
194.3261642164446 215
193.79712919783663 216
193.79712919783663 217
193.79712919783663 218
193.79712919783663 219
193.79712919783663 220
193.79712919783663 221
193.79712919783663 222
193.79712919783663 223
193.77139057858042 224
193.77139057858042 225
193.77139057858042 226
193.77139057858042 227
193.77139057858042 228
193.77139057858042 229
193.77139057858042 230
193.77139057858042 231
193.77139057858042 232
193.77139057858042 233
193.76181281862344 234
193.76181281862344 235
193.76181281862344 236
193.76181281862344 237
193.76181281862344 238
193.76181281862344 239
193.76181281862344 240
193.76181281862344 241
193.76181281862344 242
193.76181281862344 243
193.76181281862344 244
193.76181281862344 245
193.76181281862344 246
193.75611388709154 247
193.75611388709154 248
193.75212711966822 249
193.74931269704373 250
193.74263695067015 251
193.74263695067015 252
193.74263695067015 253
193.74263695067015 254
193.74164015536613 255
193.74164015536613 256
193.74164015536613 257
193.74164015536613 258
193.74164015536613 259
193.74164015536613 260
193.74164015536613 261
193.74164015536613 262
193.74164015536613 263
193.73766233945628 264
193.73709896041672 265
193.73709896041672 266
193.73709896041672 267
193.73709896041672 268
193.73709896041672 269
193.73512846919746 270
193.73512846919746 271
193.73512846919746 272
193.73512846919746 273
193.73512846919746 274
193.73512846919746 275
193.73512846919746 276
193.73383839668526 277
193.73383839668526 278
193.7338052169404 279
193.7338052169404 280
193.7317157558862 281
193.7317157558862 282
193.7317157558862 283
193.73072033432766 284
193.72941851838036 285
193.72941851838036 286
193.72941851838036 287
193.72841423338636 288
193.72841423338636 289
193.72841423338636 290
193.72841423338636 291
193.72774964960738 292
193.72705368331657 293
193.72705368331657 294
193.72705368331657 295
193.7259068299535 296
193.7259068299535 297
193.7259068299535 298
193.7259068299535 299
193.7259068299535 300
193.7259068299535 301
193.7259068299535 302
193.7259068299535 303
193.7259068299535 304
193.7259068299535 305
193.72588658320177 306
193.7258566690217 307
193.72583153309054 308
193.72583153309054 309
193.72563794845064 310
193.72561155779766 311
193.72528286581175 312
193.72528286581175 313
193.72521544589006 314
193.72521544589006 315
193.72521544589006 316
193.72521544589006 317
193.72521544589006 318
193.72521544589006 319
193.72521544589006 320
193.72506839634113 321
193.7250571246975 322
193.7250571246975 323
193.7250571246975 324
193.7250571246975 325
193.7250571246975 326
193.7250168185349 327
193.7250168185349 328
193.72499058545014 329
193.72493215348354 330
193.72493215348354 331
193.72486317190518 332
193.724854432249 333
193.724854432249 334
193.724854432249 335
193.724854432249 336
193.72477089459062 337
193.72477089459062 338
193.72469724694216 339
193.72469724694216 340
193.72469724694216 341
193.72469724694216 342
193.72469724694216 343
193.72469724694216 344
193.72469724694216 345
193.72469724694216 346
193.72469724694216 347
193.7246552020297 348
193.7246552020297 349
193.72460641750305 350
193.72460641750305 351
193.72460641750305 352
193.72460641750305 353
193.72458457695438 354
193.72458457695438 355
193.72457943428765 356
193.72457091186718 357
193.72457091186718 358
193.7245540143986 359
193.7245540143986 360
193.7245540143986 361
193.72454225509082 362
193.72454225509082 363
193.7245387787241 364
193.7245387787241 365
193.7245387787241 366
193.7245387787241 367
193.7245387787241 368
193.7245387787241 369
193.7245387787241 370
193.7245387787241 371
193.7245387787241 372
193.7245387787241 373
193.7245387787241 374
193.72452931054707 375
193.72452831733722 376
193.72452831733722 377
193.72452831733722 378
193.72452831733722 379
193.72452831733722 380
193.72452831733722 381
193.72452438806926 382
193.72452438806926 383
193.72452438806926 384
193.72452438806926 385
193.72452266268252 386
193.72452146595157 387
193.72452146595157 388
193.7245197254132 389
193.7245197254132 390
193.72451785669813 391
193.72451686365144 392
193.7245165654743 393
193.72451641422322 394
193.72451641422322 395
193.72451641422322 396
193.72451509743283 397
193.72451479203602 398
193.72451479203602 399
193.72451358721355 400
193.72451358721355 401
193.72451358721355 402
193.72451358721355 403
193.72451358721355 404
193.7245133029206 405
193.7245133029206 406
193.7245133029206 407
193.7245133029206 408
193.7245133029206 409
193.7245133029206 410
193.7245133029206 411
193.7245133029206 412
193.7245133029206 413
193.72451321460105 414
193.72451305976546 415
193.7245124486946 416
193.72451215917215 417
193.72451215917215 418
193.72451215917215 419
193.72451176598884 420
193.7245116887588 421
193.7245116887588 422
193.72451158002485 423
193.72451153090972 424
193.72451141786996 425
193.724511390212 426
193.72451127464373 427
193.72451127464373 428
193.724511108622 429
193.72451097841335 430
193.72451086638668 431
193.72451086638668 432
193.72451083060295 433
193.72451078523633 434
193.72451075056856 435
193.72451069072844 436
193.72451065342452 437
193.72451065342452 438
193.72451061757292 439
193.72451061757292 440
193.72451059502794 441
193.72451055256323 442
193.72451055256323 443
193.72451055256323 444
193.72451048889323 445
193.72451048889323 446
193.72451045745387 447
193.72451045745387 448
193.72451043685504 449
193.7245104104214 450
193.72451036944813 451
193.7245102975904 452
193.7245102975904 453
193.7245102975904 454
193.7245102975904 455
193.7245102975904 456
193.7245102975904 457
193.72451028702216 458
193.72451027159156 459
193.72451025830583 460
193.72451025830583 461
193.72451021992202 462
193.72451019614323 463
193.72451019614323 464
193.7245101802035 465
193.72451017887394 466
193.72451017887394 467
193.72451017887394 468
193.72451017887394 469
193.72451017887394 470
193.72451017887394 471
193.72451017217915 472
193.72451016870784 473
193.72451015736823 474
193.72451015736823 475
193.72451012731253 476
193.72451012522987 477
193.72451012522987 478
193.72451012522987 479
193.72451012522987 480
193.72451012522987 481
193.72451012522987 482
193.72451012522987 483
193.72451011464923 484
193.72451011464923 485
193.724510114496 486
193.72451011426594 487
193.72451011426594 488
193.72451011343642 489
193.72451010984818 490
193.72451010950485 491
193.72451010852123 492
193.72451010339972 493
193.7245101005559 494
193.72451010013793 495
193.72451010013793 496
193.72451009974682 497
193.72451009943862 498
193.72451009491132 499
193.7245100943931 500
193.72451009381095 501
193.72451009361032 502
193.7245100935679 503
193.72451009060853 504
193.72451008766234 505
193.72451008766234 506
193.72451008766234 507
193.72451008541094 508
193.72451008541094 509
193.72451008533605 510
193.7245100844688 511
193.7245100844688 512
193.724510083301 513
193.724510083301 514
193.724510083301 515
193.72451007699038 516
193.72451007699038 517
193.72451007699038 518
193.72451007699038 519
193.72451007699038 520
193.72451007699038 521
193.72451007699038 522
193.72451007699038 523
193.72451007550686 524
193.72451007550686 525
193.72451007550686 526
193.72451007550686 527
193.72451007550686 528
193.72451007550686 529
193.72451007550686 530
193.72451007489894 531
193.72451007489894 532
193.72451007489894 533
193.7245100747752 534
193.7245100745368 535
193.7245100742985 536
193.7245100742278 537
193.72451007344117 538
193.72451007299722 539
193.72451007299722 540
193.72451007299722 541
193.7245100720888 542
193.7245100720888 543
193.7245100720888 544
193.7245100720888 545
193.7245100720888 546
193.72451007199055 547
193.72451007199055 548
193.72451007179296 549
193.72451007176525 550
193.72451007156675 551
193.72451007156675 552
193.72451007146446 553
193.72451007144602 554
193.7245100713355 555
193.72451007131332 556
193.72451007131332 557
193.72451007131332 558
193.7245100711771 559
193.72451007113085 560
193.72451007102205 561
193.72451007102205 562
193.72451007102205 563
193.72451007102205 564
193.72451007102205 565
193.72451007102205 566
193.72451007102205 567
193.72451007102205 568
193.72451007102205 569
193.72451007085647 570
193.72451007085647 571
193.72451007085647 572
193.72451007085647 573
193.72451007085647 574
193.72451007057782 575
193.7245100705461 576
193.7245100705461 577
193.7245100705461 578
193.72451007052442 579
193.72451007052442 580
193.72451007052442 581
193.72451007052442 582
193.72451007047388 583
193.72451007047238 584
193.72451007044663 585
193.7245100702746 586
193.7245100702746 587
193.7245100702746 588
193.7245100702746 589
193.7245100702746 590
193.7245100702746 591
193.72451007026922 592
193.72451007024503 593
193.72451007022963 594
193.72451007016744 595
193.72451007015098 596
193.72451007015098 597
193.72451007015098 598
193.72451007015098 599
193.72451007015098 600
193.72451007015098 601
193.72451007015098 602
193.72451007015098 603
193.72451007015098 604
193.72451007015098 605
193.72451007010133 606
193.72451007010133 607
193.72451007010133 608
193.72451007010133 609
193.7245100700855 610
193.7245100700855 611
193.7245100700855 612
193.7245100700855 613
193.7245100700855 614
193.7245100700855 615
193.7245100700855 616
193.7245100700855 617
193.7245100700726 618
193.7245100700726 619
193.7245100700726 620
193.72451007007186 621
193.72451007007186 622
193.72451007007186 623
193.72451007007186 624
193.72451007007186 625
193.72451007007186 626
193.72451007007186 627
193.7245100700218 628
193.7245100700218 629
193.72451007001274 630
193.72451006997738 631
193.72451006997608 632
193.72451006996772 633
193.72451006996772 634
193.72451006996087 635
193.72451006996087 636
193.72451006996087 637
193.72451006993583 638
193.72451006993583 639
193.72451006993583 640
193.72451006993583 641
193.72451006993583 642
193.72451006993583 643
193.72451006991676 644
193.72451006989667 645
193.72451006989667 646
193.72451006988092 647
193.72451006988092 648
193.72451006988092 649
193.72451006988092 650
193.72451006988092 651
193.72451006988092 652
193.72451006988092 653
193.72451006988092 654
193.72451006986768 655
193.72451006986768 656
193.72451006986768 657
193.72451006986768 658
193.72451006979088 659
193.72451006979088 660
193.72451006979088 661
193.72451006979088 662
193.72451006979088 663
193.72451006979088 664
193.72451006979088 665
193.72451006979088 666
193.72451006979088 667
193.72451006979088 668
193.72451006979088 669
193.72451006979088 670
193.72451006979088 671
193.72451006979088 672
193.72451006979088 673
193.72451006979088 674
193.72451006979088 675
193.72451006979088 676
193.72451006979088 677
193.72451006979088 678
193.72451006979088 679
193.72451006979088 680
193.72451006976738 681
193.72451006975265 682
193.72451006975066 683
193.72451006974956 684
193.72451006974956 685
193.72451006974956 686
193.72451006974956 687
193.72451006974956 688
193.72451006974956 689
193.72451006974956 690
193.72451006974956 691
193.72451006973793 692
193.72451006973793 693
193.72451006973793 694
193.72451006973793 695
193.72451006973793 696
193.72451006973793 697
193.72451006973793 698
193.72451006973793 699
193.72451006973793 700
193.72451006973793 701
193.72451006973793 702
193.72451006973793 703
193.72451006973793 704
193.72451006973793 705
193.72451006973793 706
193.72451006973793 707
193.72451006973793 708
193.72451006973793 709
193.72451006973793 710
193.72451006973793 711
193.72451006973793 712
193.72451006973793 713
193.72451006973793 714
193.72451006973793 715
193.72451006973793 716
193.72451006973793 717
193.72451006973793 718
193.72451006973793 719
193.72451006973793 720
193.72451006973793 721
193.72451006973793 722
193.72451006973793 723
193.72451006973793 724
193.72451006973793 725
193.72451006973793 726
193.72451006973793 727
193.72451006973793 728
193.72451006973793 729
193.72451006973793 730
193.72451006973793 731
193.72451006973793 732
193.72451006973793 733
193.72451006973793 734
193.72451006973793 735
193.72451006973793 736
193.72451006973793 737
193.72451006973793 738
193.72451006973793 739
193.72451006973793 740
193.72451006973793 741
193.72451006973793 742
193.72451006973793 743
193.72451006973793 744
193.72451006973793 745
193.72451006973793 746
193.72451006973793 747
193.72451006973793 748
193.72451006973793 749
193.72451006973793 750
193.72451006973793 751
193.72451006973793 752
193.72451006973793 753
193.72451006973793 754
193.72451006973793 755
193.72451006973793 756
193.72451006973793 757
193.72451006973793 758
193.72451006973793 759
193.72451006973793 760
193.72451006973793 761
193.72451006973793 762
193.72451006973793 763
193.72451006973793 764
193.72451006973793 765
193.72451006973793 766
193.72451006973793 767
193.72451006973793 768
193.72451006973793 769
193.72451006973793 770
193.72451006973793 771
193.72451006973793 772
193.72451006973793 773
193.7245100697057 774
193.7245100697057 775
193.7245100697057 776
