-2.830670989829361E-6 0
-4.542910116008783E-4 1
-0.012170667447802304 2
-0.005281782846888266 3
-0.21593711439136218 4
-9.306655180107479E-4 5
-0.015544317620554506 6
-3.0320162722250404E-4 7
-0.02660034155778002 8
-0.02369389896190832 9
-0.0029101020102948005 10
-0.1847310658354298 11
-0.1847310658354298 12
-0.21627119222332036 13
-0.1580558907903166 14
-0.364623136791756 15
-0.35387169562307363 16
-0.009063349295196145 17
-0.03522442705973935 18
-0.026374655980681092 19
-0.2253717421779236 20
-0.11717562509312897 21
-0.11717562509312897 22
-0.18619404541297782 23
-0.18619404541297782 24
-0.18619404541297782 25
-0.01035170066300925 26
-0.3479299083043546 27
-0.3479299083043546 28
-0.39955606770580593 29
-0.39955606770580593 30
-0.45417694635146344 31
-8.04663159618415E-4 32
-0.1882603631057207 33
-0.1882603631057207 34
-0.1882603631057207 35
-0.1882603631057207 36
-0.1882603631057207 37
-0.1882603631057207 38
-0.1882603631057207 39
-0.1882603631057207 40
-0.1882603631057207 41
-0.1882603631057207 42
-0.1882603631057207 43
-0.1882603631057207 44
-0.46245154958881424 45
-0.46245154958881424 46
-0.46245154958881424 47
-0.46245154958881424 48
-0.5388213835503237 49
-0.5388213835503237 50
-0.5388213835503237 51
-0.5388213835503237 52
-0.5388213835503237 53
-0.5388213835503237 54
-0.5388213835503237 55
-0.5388213835503237 56
-0.5388213835503237 57
-0.5388213835503237 58
-0.5388213835503237 59
-0.5388213835503237 60
-0.5388213835503237 61
-0.5388213835503237 62
-0.8851094323231116 63
-0.8851094323231116 64
-0.8851094323231116 65
-0.886694226815849 66
-0.886694226815849 67
-0.886694226815849 68
-0.886694226815849 69
-0.886694226815849 70
-0.886694226815849 71
-0.886694226815849 72
-0.886694226815849 73
-0.9078380854143892 74
-0.9078380854143892 75
-0.9078380854143892 76
-0.9078380854143892 77
-0.9198524834673594 78
-0.9198524834673594 79
-0.9198524834673594 80
-0.9198524834673594 81
-0.9198524834673594 82
-0.9520056615150658 83
-0.9520056615150658 84
-0.9520056615150658 85
-0.9520056615150658 86
-0.9520056615150658 87
-0.9520056615150658 88
-0.9520056615150658 89
-0.9520056615150658 90
-0.9520056615150658 91
-0.9520056615150658 92
-0.9520056615150658 93
-0.9662406000639787 94
-0.9662406000639787 95
-0.9679275152526164 96
-0.9679275152526164 97
-0.9679275152526164 98
-0.9912610550563858 99
-0.9912610550563858 100
-0.9912610550563858 101
-0.9912610550563858 102
-0.9912610550563858 103
-0.9912610550563858 104
-0.9912610550563858 105
-0.9912610550563858 106
-0.9912610550563858 107
-0.9912610550563858 108
-0.9912610550563858 109
-0.9912610550563858 110
-0.9912610550563858 111
-0.9912610550563858 112
-0.9912610550563858 113
-0.9912610550563858 114
-0.9912610550563858 115
-0.9912610550563858 116
-0.9912610550563858 117
-0.9953819232926066 118
-0.9953819232926066 119
-0.9957015050200866 120
-0.9957015050200866 121
-0.9957015050200866 122
-0.9961430775198172 123
-0.9968621411191141 124
-0.9968621411191141 125
-0.9968621411191141 126
-0.9985092186707777 127
-0.9985092186707777 128
-0.9985092186707777 129
-0.9985092186707777 130
-0.9985092186707777 131
-0.9985092186707777 132
-0.9989999631241714 133
-0.9992160202212936 134
-0.9992160202212936 135
-0.9992160202212936 136
-0.9992160202212936 137
-0.9992160202212936 138
-0.9992160202212936 139
-0.9992160202212936 140
-0.9992160202212936 141
-0.9992186869910856 142
-1.0000404869659907 143
-1.0000404869659907 144
-1.0000404869659907 145
-1.0000404869659907 146
-1.0000404869659907 147
-1.000045682277593 148
-1.0001568457587795 149
-1.0001568457587795 150
-1.0001568457587795 151
-1.0001568457587795 152
-1.0001568457587795 153
-1.0001568457587795 154
-1.0001568457587795 155
-1.0001568457587795 156
-1.0001568457587795 157
-1.0001568457587795 158
-1.0001568457587795 159
-1.0001568457587795 160
-1.0001568457587795 161
-1.0001568457587795 162
-1.00033118721449 163
-1.00033118721449 164
-1.00033118721449 165
-1.00033118721449 166
-1.00033118721449 167
-1.00033118721449 168
-1.00033118721449 169
-1.00033118721449 170
-1.00033118721449 171
-1.00033118721449 172
-1.00033118721449 173
-1.00033118721449 174
-1.00033118721449 175
-1.00033118721449 176
-1.00033118721449 177
-1.00033118721449 178
-1.00033118721449 179
-1.00033118721449 180
-1.00033118721449 181
-1.00033118721449 182
-1.00033118721449 183
-1.00033118721449 184
-1.00033118721449 185
-1.00033118721449 186
-1.00033118721449 187
-1.00033118721449 188
-1.00033118721449 189
-1.00033118721449 190
-1.00033118721449 191
-1.000366006498617 192
-1.000366006498617 193
-1.000366006498617 194
-1.000366006498617 195
-1.000366006498617 196
-1.000366006498617 197
-1.000366006498617 198
-1.000366006498617 199
-1.000366006498617 200
-1.000366006498617 201
-1.000366006498617 202
-1.000366006498617 203
-1.000366006498617 204
-1.000366006498617 205
-1.000366006498617 206
-1.000366006498617 207
-1.000366006498617 208
-1.000366006498617 209
-1.000366006498617 210
-1.000366006498617 211
-1.000366006498617 212
-1.000366006498617 213
-1.000366006498617 214
-1.000366006498617 215
-1.000366006498617 216
-1.000366006498617 217
-1.000366006498617 218
-1.000366006498617 219
-1.000366006498617 220
-1.000366006498617 221
-1.000366006498617 222
-1.000366006498617 223
-1.000366006498617 224
-1.000366006498617 225
-1.000366006498617 226
-1.000366006498617 227
-1.0004268594445853 228
-1.0004268594445853 229
-1.0004268594445853 230
-1.0004268594445853 231
-1.0004268594445853 232
-1.0004268594445853 233
-1.0004268594445853 234
-1.0004268594445853 235
-1.0004268594445853 236
-1.0004268594445853 237
-1.0004268594445853 238
-1.0004268594445853 239
-1.0004268594445853 240
-1.0004268594445853 241
-1.0004268594445853 242
-1.00043541684059 243
-1.00043541684059 244
-1.00043541684059 245
-1.00043541684059 246
-1.00043541684059 247
-1.00043541684059 248
-1.00043541684059 249
-1.00043541684059 250
-1.00043541684059 251
-1.00043541684059 252
-1.00043541684059 253
-1.00043541684059 254
-1.0004510356757486 255
-1.0004510356757486 256
-1.0004510356757486 257
-1.0004510356757486 258
-1.0004510356757486 259
-1.0004510356757486 260
-1.0004510356757486 261
-1.0004510356757486 262
-1.0004510356757486 263
-1.0004510356757486 264
-1.0004510356757486 265
-1.0004510356757486 266
-1.0004510356757486 267
-1.000455862839969 268
-1.000455862839969 269
-1.000455862839969 270
-1.000455862839969 271
-1.000455862839969 272
-1.000455862839969 273
-1.000455862839969 274
-1.000455862839969 275
-1.0004657427184487 276
-1.0004657427184487 277
-1.0004657427184487 278
-1.0004657427184487 279
-1.0004657427184487 280
-1.0004657427184487 281
-1.0004762446995958 282
-1.0004762446995958 283
-1.0004762446995958 284
-1.0004762446995958 285
-1.0004778903626348 286
-1.0004778903626348 287
-1.0004778903626348 288
-1.0004778903626348 289
-1.0004778903626348 290
-1.0004778903626348 291
-1.0004778903626348 292
-1.0004778903626348 293
-1.0004778903626348 294
-1.0004778903626348 295
-1.0004778903626348 296
-1.0004857030849148 297
-1.0004857030849148 298
-1.0004857030849148 299
-1.0004857030849148 300
-1.0004857030849148 301
-1.0004857030849148 302
-1.0004857030849148 303
-1.0004857030849148 304
-1.0004857030849148 305
-1.0004857030849148 306
-1.0004857030849148 307
-1.0004857030849148 308
-1.0004857030849148 309
-1.0004857030849148 310
-1.0004857030849148 311
-1.0004857030849148 312
-1.0004857030849148 313
-1.0004857030849148 314
-1.0004857030849148 315
-1.0004861417707682 316
-1.000491244792882 317
-1.000491244792882 318
-1.000491244792882 319
-1.000491244792882 320
-1.000491244792882 321
-1.0004956888410534 322
-1.0004956888410534 323
-1.0004956888410534 324
-1.0004956888410534 325
-1.0004956888410534 326
-1.0004956888410534 327
-1.0004956888410534 328
-1.0004956888410534 329
-1.0004956888410534 330
-1.0004956888410534 331
-1.0004956888410534 332
-1.0004956888410534 333
-1.0004956888410534 334
-1.0004956888410534 335
-1.0004956888410534 336
-1.0004956888410534 337
-1.0004956888410534 338
-1.0004956888410534 339
-1.0004956888410534 340
-1.0004956888410534 341
-1.0004956888410534 342
-1.0004956888410534 343
-1.0004956888410534 344
-1.0004956888410534 345
-1.0004956888410534 346
-1.0004956888410534 347
-1.0004956888410534 348
-1.0004956888410534 349
-1.0004956888410534 350
-1.0004956888410534 351
-1.0004956888410534 352
-1.0004956888410534 353
-1.0004956888410534 354
-1.0004956888410534 355
-1.0004956888410534 356
-1.0004956888410534 357
-1.0004956888410534 358
-1.0004956888410534 359
-1.0004956888410534 360
-1.0004956888410534 361
-1.0004956888410534 362
-1.0004956888410534 363
-1.0004956888410534 364
-1.0004956888410534 365
-1.0004956888410534 366
-1.0004956888410534 367
-1.0004956888410534 368
-1.0004956888410534 369
-1.0004956888410534 370
-1.0004956888410534 371
-1.0004956888410534 372
-1.0004956888410534 373
-1.0004956888410534 374
-1.0004956888410534 375
-1.0004956888410534 376
-1.0004956888410534 377
-1.0004956888410534 378
-1.0004956888410534 379
-1.0004956888410534 380
-1.0004956888410534 381
-1.0004956888410534 382
-1.0004956888410534 383
-1.0004956888410534 384
-1.0004956888410534 385
-1.0004956888410534 386
-1.0004956888410534 387
-1.0004956888410534 388
-1.0004956888410534 389
-1.0004956888410534 390
-1.0004956888410534 391
-1.0004956888410534 392
-1.0004956888410534 393
-1.0004956888410534 394
-1.0004956888410534 395
-1.0004956888410534 396
-1.0004956888410534 397
-1.0004956888410534 398
-1.0004956888410534 399
-1.0004956888410534 400
-1.0004957297970147 401
-1.0004957297970147 402
-1.0004957297970147 403
-1.0004957297970147 404
-1.0004957297970147 405
-1.0004957297970147 406
-1.0004957297970147 407
-1.0004957297970147 408
-1.0004957297970147 409
-1.0004957297970147 410
-1.0004957297970147 411
-1.0004957297970147 412
-1.0004957297970147 413
-1.0004957297970147 414
-1.0004957297970147 415
-1.0004957297970147 416
-1.0004957297970147 417
-1.0004957297970147 418
-1.0004957297970147 419
-1.0004957297970147 420
-1.0004957297970147 421
-1.0004957297970147 422
-1.0004957297970147 423
-1.0004962954558707 424
-1.0004962954558707 425
-1.0004962954558707 426
-1.0004969058845856 427
-1.0004969058845856 428
-1.0004969058845856 429
-1.0004969058845856 430
-1.0004969058845856 431
-1.0004969058845856 432
-1.0004969058845856 433
-1.0004973524547771 434
-1.0004973524547771 435
-1.0004973524547771 436
-1.0004979505826403 437
-1.0004979505826403 438
-1.0004986759791974 439
-1.0004986759791974 440
-1.0004986759791974 441
-1.0004986759791974 442
-1.0004986759791974 443
-1.0004986759791974 444
-1.0004986759791974 445
-1.0004986759791974 446
-1.0004986759791974 447
-1.0004986759791974 448
-1.000499181039095 449
-1.000499181039095 450
-1.000499181039095 451
-1.000499181039095 452
-1.000499181039095 453
-1.000499181039095 454
-1.000499181039095 455
-1.000499181039095 456
-1.000499181039095 457
-1.000499181039095 458
-1.000499181039095 459
-1.000499181039095 460
-1.000499181039095 461
-1.000499181039095 462
-1.000499181039095 463
-1.000499181039095 464
-1.000499181039095 465
-1.000499181039095 466
-1.000499181039095 467
-1.000499181039095 468
-1.000499181039095 469
-1.000499181039095 470
-1.000499181039095 471
-1.000499181039095 472
-1.000499181039095 473
-1.000499181039095 474
-1.000499181039095 475
-1.000499181039095 476
-1.000499181039095 477
-1.000499181039095 478
-1.000499181039095 479
-1.000499181039095 480
-1.000499181039095 481
-1.000499181039095 482
-1.000499181039095 483
-1.000499181039095 484
-1.000499181039095 485
-1.000499181039095 486
-1.000499181039095 487
-1.000499181039095 488
-1.000499181039095 489
-1.000499181039095 490
-1.000499181039095 491
-1.000499181039095 492
-1.000499181039095 493
-1.000499181039095 494
-1.000499181039095 495
-1.000499181039095 496
-1.0004995230266132 497
-1.0004995230266132 498
-1.0004995230266132 499
-1.0004995230266132 500
-1.0004995230266132 501
-1.000499577196367 502
-1.000499577196367 503
-1.000499577196367 504
-1.000499577196367 505
-1.000499577196367 506
-1.000499577196367 507
-1.0004996456217579 508
-1.0004996456217579 509
-1.0004996456217579 510
-1.0004996456217579 511
-1.0004996456217579 512
-1.0004996456217579 513
-1.0004996456217579 514
-1.0004996456217579 515
-1.0004996456217579 516
-1.0004996456217579 517
-1.0004996456217579 518
-1.0004996456217579 519
-1.0004996456217579 520
-1.0004996456217579 521
-1.0004996456217579 522
-1.0004996456217579 523
-1.0004996456217579 524
-1.0004996456217579 525
-1.0004996456217579 526
-1.0004996456217579 527
-1.0004996456217579 528
-1.0004996456217579 529
-1.0004996456217579 530
-1.0004996456217579 531
-1.0004996456217579 532
-1.0004996456217579 533
-1.0004996456217579 534
-1.0004996456217579 535
-1.0004996456217579 536
-1.0004996456217579 537
-1.0004996456217579 538
-1.0004996456217579 539
-1.0004996456217579 540
-1.0004996456217579 541
-1.0004996456217579 542
-1.0004996456217579 543
-1.0004996456217579 544
-1.0004996456217579 545
-1.0004996456217579 546
-1.0004996456217579 547
-1.0004996456217579 548
-1.0004996456217579 549
-1.0004996456217579 550
-1.0004998920744712 551
-1.0004998920744712 552
-1.0004998920744712 553
-1.0004998920744712 554
-1.0004999473221738 555
-1.0004999473221738 556
-1.0004999473221738 557
-1.0004999473221738 558
-1.0004999473221738 559
-1.0004999473221738 560
-1.0004999473221738 561
-1.0004999473221738 562
-1.0004999473221738 563
-1.0004999491287518 564
-1.0004999491287518 565
-1.000499962766668 566
-1.000499962766668 567
-1.0005000120646408 568
-1.0005000120646408 569
-1.0005000120646408 570
-1.0005000120646408 571
-1.0005000120646408 572
-1.0005000120646408 573
-1.0005000120646408 574
-1.0005000120646408 575
-1.0005000120646408 576
-1.0005000120646408 577
-1.0005000120646408 578
-1.0005000120646408 579
-1.0005000120646408 580
-1.0005000120646408 581
-1.0005000120646408 582
-1.0005000120646408 583
-1.0005000120646408 584
-1.0005000120646408 585
-1.0005000120646408 586
-1.0005000120646408 587
-1.0005000120646408 588
-1.0005000120646408 589
-1.0005000120646408 590
-1.0005000120646408 591
-1.0005000120646408 592
-1.0005000120646408 593
-1.0005000120646408 594
-1.0005000120646408 595
-1.0005000120646408 596
-1.0005000120646408 597
-1.0005000120646408 598
-1.0005000120646408 599
-1.0005000120646408 600
-1.0005000120646408 601
-1.0005000120646408 602
-1.0005000120646408 603
-1.0005000120646408 604
-1.0005000120646408 605
-1.0005000120646408 606
-1.0005000120646408 607
-1.0005000120646408 608
-1.0005000120646408 609
-1.0005000120646408 610
-1.0005000124663834 611
-1.0005000124663834 612
-1.0005000124663834 613
-1.0005000124663834 614
-1.0005000124663834 615
-1.0005000124663834 616
-1.0005000124663834 617
-1.0005000124663834 618
-1.0005000124663834 619
-1.0005000124663834 620
-1.0005000124663834 621
-1.0005000124663834 622
-1.0005000124663834 623
-1.0005000124663834 624
-1.0005000124663834 625
-1.0005000124663834 626
-1.000500013114817 627
-1.0005000159197301 628
-1.0005000159197301 629
-1.0005000159197301 630
-1.0005000193385265 631
-1.0005000193385265 632
-1.0005000466501288 633
-1.0005000466501288 634
-1.0005000466501288 635
-1.0005000466501288 636
-1.0005000466501288 637
-1.0005000466501288 638
-1.0005000466501288 639
-1.0005000466501288 640
-1.0005000466501288 641
-1.0005000466501288 642
-1.0005000536424558 643
-1.0005000536424558 644
-1.0005000536424558 645
-1.0005000536424558 646
-1.0005000536424558 647
-1.0005000536424558 648
-1.0005000536424558 649
-1.0005000536424558 650
-1.0005000536424558 651
-1.0005000536424558 652
-1.0005000536424558 653
-1.0005000536424558 654
-1.0005000536424558 655
-1.0005000536424558 656
-1.0005000536424558 657
-1.0005000536424558 658
-1.0005000536424558 659
-1.0005000536424558 660
-1.0005000536424558 661
-1.0005000536424558 662
-1.0005000536424558 663
-1.0005000536424558 664
-1.0005000536424558 665
-1.0005000536424558 666
-1.0005000536424558 667
-1.0005000536424558 668
-1.0005000536424558 669
-1.0005000536424558 670
-1.0005000536424558 671
-1.0005000536424558 672
-1.0005000536424558 673
-1.0005000536424558 674
-1.0005000536424558 675
-1.0005000536424558 676
-1.0005000536424558 677
-1.0005000536424558 678
-1.0005000536424558 679
-1.0005000536424558 680
-1.0005000536424558 681
-1.0005000536424558 682
-1.0005000536424558 683
-1.0005000536424558 684
-1.0005000536424558 685
-1.0005000536424558 686
-1.0005000536424558 687
-1.0005000536424558 688
-1.0005000536424558 689
-1.0005000536424558 690
-1.0005000536424558 691
-1.0005000536424558 692
-1.0005000536424558 693
-1.0005000536424558 694
-1.0005000536424558 695
-1.0005000536424558 696
-1.0005000536424558 697
-1.0005000536424558 698
-1.0005000536424558 699
-1.0005000536424558 700
-1.0005000683042091 701
-1.0005000683042091 702
-1.0005000683042091 703
-1.0005000683042091 704
-1.0005000683042091 705
-1.0005000683042091 706
-1.0005000683042091 707
-1.0005000683042091 708
-1.0005000683042091 709
-1.0005000683042091 710
-1.000500071888908 711
-1.000500071888908 712
-1.000500071888908 713
-1.000500071888908 714
-1.000500071888908 715
-1.000500071888908 716
-1.000500071888908 717
-1.000500071888908 718
-1.000500071888908 719
-1.000500071888908 720
-1.000500071888908 721
-1.000500071888908 722
-1.0005000861381164 723
-1.0005000864336082 724
-1.000500087570399 725
-1.000500087570399 726
-1.000500087570399 727
-1.000500087570399 728
-1.000500087570399 729
-1.000500087570399 730
-1.000500087570399 731
-1.000500087570399 732
-1.000500087570399 733
-1.000500087570399 734
-1.000500087570399 735
-1.000500087570399 736
-1.000500087570399 737
-1.000500087570399 738
-1.000500087570399 739
-1.000500087570399 740
-1.000500087570399 741
-1.000500087570399 742
-1.000500087570399 743
-1.000500087570399 744
-1.000500087570399 745
-1.000500087570399 746
-1.000500087570399 747
-1.000500087570399 748
-1.000500087570399 749
-1.000500087570399 750
-1.000500087570399 751
-1.000500087570399 752
-1.000500087570399 753
-1.000500087570399 754
-1.000500087570399 755
-1.000500087570399 756
-1.000500087570399 757
-1.000500087570399 758
-1.000500087570399 759
-1.000500087570399 760
-1.000500087570399 761
-1.000500087570399 762
-1.000500087570399 763
-1.000500087570399 764
-1.000500087570399 765
-1.000500087570399 766
-1.000500087570399 767
-1.000500087570399 768
-1.000500087570399 769
-1.000500087570399 770
-1.000500087570399 771
-1.000500087570399 772
-1.000500087570399 773
-1.000500087570399 774
-1.000500087570399 775
-1.000500087570399 776
-1.000500087570399 777
-1.000500087570399 778
-1.000500087570399 779
-1.000500087570399 780
-1.000500087570399 781
-1.000500087570399 782
-1.000500087570399 783
-1.000500087570399 784
-1.000500087570399 785
-1.000500087570399 786
-1.000500087570399 787
-1.000500087570399 788
-1.000500087570399 789
-1.000500087570399 790
-1.000500087570399 791
-1.000500087570399 792
-1.000500087570399 793
-1.000500087570399 794
-1.000500087570399 795
-1.000500087570399 796
-1.000500087570399 797
-1.000500087570399 798
-1.000500087570399 799
-1.000500087570399 800
-1.000500087570399 801
-1.000500087570399 802
-1.000500087570399 803
-1.000500087570399 804
-1.000500087570399 805
-1.000500087570399 806
-1.000500087570399 807
-1.000500087570399 808
-1.000500087570399 809
-1.000500087570399 810
-1.000500087570399 811
-1.000500087570399 812
-1.000500087570399 813
-1.000500087570399 814
-1.000500087570399 815
-1.000500087570399 816
-1.000500087570399 817
-1.000500087570399 818
-1.000500087570399 819
-1.000500087570399 820
-1.000500087570399 821
-1.000500087570399 822
-1.000500087570399 823
-1.000500087570399 824
-1.000500087570399 825
-1.000500087570399 826
-1.000500087570399 827
-1.000500087570399 828
-1.000500087570399 829
-1.000500087570399 830
-1.000500087570399 831
-1.000500087570399 832
-1.000500087570399 833
-1.000500087570399 834
-1.000500087570399 835
-1.000500087570399 836
-1.000500087570399 837
-1.000500087570399 838
-1.000500087570399 839
-1.000500087570399 840
-1.000500087570399 841
-1.000500087570399 842
-1.000500087570399 843
-1.000500087570399 844
-1.000500087570399 845
-1.0005000896180358 846
-1.0005000904246064 847
-1.0005000904246064 848
-1.000500090929677 849
-1.0005000922279559 850
-1.0005000922279559 851
-1.0005000922279559 852
-1.0005000922279559 853
-1.0005000922279559 854
-1.0005000922279559 855
-1.0005000927137429 856
-1.0005000927137429 857
-1.0005000930690824 858
-1.0005000934801882 859
-1.0005000951944376 860
-1.0005000971413873 861
-1.0005000971413873 862
-1.0005000971413873 863
-1.0005000975348808 864
-1.0005000975348808 865
-1.0005000980970515 866
-1.0005000980970515 867
-1.0005000980970515 868
-1.0005000980970515 869
-1.0005000980970515 870
-1.0005000980970515 871
-1.0005000980970515 872
-1.0005000980970515 873
-1.0005000982170826 874
-1.0005000982170826 875
-1.0005000982170826 876
-1.0005000982170826 877
-1.0005000982170826 878
-1.0005000982170826 879
-1.0005000982170826 880
-1.0005000982170826 881
-1.0005000982170826 882
-1.0005000982170826 883
-1.0005000982170826 884
-1.0005000982170826 885
-1.0005000982170826 886
-1.0005000982170826 887
-1.0005000982170826 888
-1.0005000982170826 889
-1.0005000982170826 890
-1.0005000982170826 891
-1.0005000982170826 892
-1.0005000982170826 893
-1.0005000982170826 894
-1.0005000982170826 895
-1.0005000982170826 896
-1.0005000982170826 897
-1.0005000982170826 898
-1.0005000982170826 899
-1.0005000982170826 900
-1.0005000982170826 901
-1.0005000982170826 902
-1.0005000982170826 903
-1.0005000982170826 904
-1.0005000982170826 905
-1.0005000982170826 906
-1.0005000982170826 907
-1.0005000982170826 908
-1.0005000982170826 909
-1.0005000982170826 910
-1.0005000982170826 911
-1.0005000982170826 912
-1.0005000982170826 913
-1.0005000982170826 914
-1.0005000982170826 915
-1.0005000982170826 916
-1.0005000982170826 917
-1.0005000982170826 918
-1.0005000982170826 919
-1.0005000982170826 920
-1.0005000982170826 921
-1.0005000982170826 922
-1.0005000982170826 923
-1.0005000982170826 924
-1.0005000982170826 925
-1.0005000982170826 926
-1.0005000982170826 927
-1.0005000982170826 928
-1.0005000982170826 929
-1.0005000982170826 930
-1.0005000982170826 931
-1.0005000982170826 932
-1.0005000982170826 933
-1.0005000982170826 934
-1.0005000982170826 935
-1.0005000982170826 936
-1.0005000982170826 937
-1.0005000982170826 938
-1.0005000982170826 939
-1.0005000982170826 940
-1.0005000982170826 941
-1.0005000982170826 942
-1.0005000982170826 943
-1.0005000982170826 944
-1.0005000982170826 945
-1.0005000982170826 946
-1.0005000982170826 947
-1.0005000982170826 948
-1.0005000982170826 949
-1.0005000982170826 950
-1.0005000982170826 951
-1.0005000982170826 952
-1.0005000982170826 953
-1.0005000982170826 954
-1.0005000982170826 955
-1.0005000982170826 956
-1.0005000982170826 957
-1.0005000982170826 958
-1.0005000982170826 959
-1.0005000982170826 960
-1.0005000982170826 961
-1.0005000982170826 962
-1.0005000982170826 963
-1.0005000982170826 964
-1.0005000982170826 965
-1.0005000982170826 966
-1.0005000982170826 967
-1.0005000982170826 968
-1.0005000982170826 969
-1.0005000982170826 970
-1.0005000982170826 971
-1.0005000982170826 972
-1.0005000982170826 973
-1.0005000982170826 974
-1.0005000982170826 975
-1.0005000982170826 976
-1.0005000982170826 977
-1.0005000982170826 978
-1.0005000982170826 979
-1.0005000994443047 980
-1.0005000994443047 981
-1.0005000994443047 982
-1.0005000994443047 983
-1.0005000994443047 984
-1.0005000994443047 985
-1.0005000994443047 986
-1.0005000994443047 987
-1.0005000994443047 988
-1.0005000994443047 989
-1.0005000994443047 990
-1.0005000994443047 991
-1.0005000994443047 992
-1.0005000994443047 993
-1.0005000994443047 994
-1.0005000994443047 995
-1.0005000994443047 996
-1.0005000994443047 997
-1.0005000994443047 998
-1.0005000994443047 999
-1.0005000994443047 1000
-1.0005000994443047 1001
-1.0005000994443047 1002
-1.0005000994443047 1003
-1.0005000994443047 1004
-1.0005000994443047 1005
-1.0005000994443047 1006
-1.0005000994443047 1007
-1.0005000994443047 1008
-1.0005000994443047 1009
-1.0005000994443047 1010
-1.0005000994443047 1011
-1.0005000994443047 1012
-1.0005000994443047 1013
-1.0005000994443047 1014
-1.0005000994443047 1015
-1.0005000994443047 1016
-1.0005000994443047 1017
-1.0005000994443047 1018
-1.0005000994443047 1019
-1.0005000994443047 1020
-1.0005000994443047 1021
-1.0005000994443047 1022
-1.0005000994443047 1023
-1.0005000994443047 1024
-1.0005000994443047 1025
-1.0005000994443047 1026
-1.0005000994443047 1027
-1.0005000994443047 1028
-1.0005000994443047 1029
-1.0005000994443047 1030
-1.0005000994443047 1031
-1.0005000994443047 1032
-1.0005000994443047 1033
-1.0005000994443047 1034
-1.0005000994443047 1035
-1.0005000994443047 1036
-1.0005000994443047 1037
-1.0005000994443047 1038
-1.0005000994443047 1039
-1.0005000994443047 1040
-1.0005000994443047 1041
-1.0005000994443047 1042
-1.0005000994443047 1043
-1.0005000994443047 1044
-1.0005000994443047 1045
-1.0005000994443047 1046
-1.0005000994443047 1047
-1.0005000994443047 1048
-1.0005000994443047 1049
-1.0005000994443047 1050
-1.0005000994443047 1051
-1.0005000994443047 1052
-1.0005000994443047 1053
-1.0005000994443047 1054
-1.0005000994443047 1055
-1.0005000994443047 1056
-1.0005000994443047 1057
-1.0005000994443047 1058
-1.0005000994443047 1059
-1.0005000994443047 1060
-1.0005000994443047 1061
-1.0005000994443047 1062
-1.0005000994443047 1063
-1.0005000994443047 1064
-1.0005000994443047 1065
-1.0005000994443047 1066
-1.0005000994443047 1067
-1.0005000994443047 1068
-1.0005000994443047 1069
-1.0005000994443047 1070
-1.0005000994443047 1071
-1.0005000994443047 1072
-1.0005000994443047 1073
-1.0005000994443047 1074
-1.0005000994443047 1075
-1.0005000994443047 1076
-1.0005000994443047 1077
-1.0005000994443047 1078
-1.0005000994443047 1079
-1.0005000994443047 1080
-1.0005000994443047 1081
-1.0005000994443047 1082
-1.0005000994443047 1083
-1.0005000994443047 1084
-1.0005000994443047 1085
-1.0005000994443047 1086
-1.0005000994443047 1087
-1.0005000994443047 1088
-1.0005000994443047 1089
-1.0005000994443047 1090
-1.0005000994443047 1091
-1.0005000994443047 1092
-1.0005000994443047 1093
-1.0005000994443047 1094
-1.0005000994443047 1095
-1.0005000994443047 1096
-1.0005000994443047 1097
-1.0005000994443047 1098
-1.0005000994443047 1099
-1.0005000994443047 1100
-1.0005000994443047 1101
-1.0005000994443047 1102
-1.0005000994443047 1103
-1.0005000994443047 1104
-1.0005000994443047 1105
-1.0005000994443047 1106
-1.0005000994443047 1107
-1.0005000994443047 1108
-1.0005000994443047 1109
-1.0005000994443047 1110
-1.0005000994443047 1111
-1.0005000994443047 1112
-1.0005000994443047 1113
-1.0005000994443047 1114
-1.0005000994443047 1115
-1.0005000994443047 1116
-1.0005000994443047 1117
-1.0005000994443047 1118
-1.0005000994443047 1119
-1.0005000994443047 1120
-1.0005000994443047 1121
-1.0005000994443047 1122
-1.0005000994443047 1123
-1.0005000994443047 1124
-1.0005000994443047 1125
-1.0005000994443047 1126
-1.0005000994443047 1127
-1.0005000994443047 1128
-1.0005000994443047 1129
-1.0005000994443047 1130
-1.0005000996593678 1131
-1.0005000996593678 1132
-1.0005000996593678 1133
-1.0005000996593678 1134
-1.0005000996593678 1135
-1.0005000996593678 1136
-1.0005000996593678 1137
-1.0005000996593678 1138
-1.0005000996593678 1139
-1.0005000996593678 1140
-1.0005000996593678 1141
-1.0005000996593678 1142
-1.0005000996676405 1143
-1.0005000996676405 1144
-1.0005000996898092 1145
-1.0005000998227787 1146
-1.0005000998227787 1147
-1.0005000998227787 1148
-1.0005000998227787 1149
-1.0005000998227787 1150
-1.0005000998227787 1151
-1.0005000998227787 1152
-1.0005000998370177 1153
-1.0005000998370177 1154
-1.0005000999177447 1155
-1.0005000999177447 1156
-1.0005000999177447 1157
-1.0005000999177447 1158
-1.0005000999177447 1159
-1.0005000999177447 1160
-1.0005000999177447 1161
-1.0005000999177447 1162
-1.0005000999203553 1163
-1.0005000999203553 1164
-1.0005000999203553 1165
-1.0005000999203553 1166
-1.0005000999294238 1167
-1.0005000999485358 1168
-1.0005000999485358 1169
-1.0005000999503098 1170
-1.0005000999503098 1171
-1.0005000999503098 1172
-1.0005000999503098 1173
-1.0005000999503098 1174
-1.0005000999503098 1175
-1.0005000999503098 1176
-1.0005000999503098 1177
-1.0005000999503098 1178
-1.0005000999503098 1179
-1.0005000999503098 1180
-1.0005000999503098 1181
-1.0005000999503098 1182
-1.0005000999618876 1183
-1.0005000999618876 1184
-1.0005000999618876 1185
-1.0005000999618876 1186
-1.0005000999618876 1187
-1.0005000999618876 1188
-1.0005000999618876 1189
-1.0005000999618876 1190
-1.0005000999618876 1191
-1.0005000999618876 1192
-1.0005000999618876 1193
-1.0005000999618876 1194
-1.0005000999618876 1195
-1.0005000999618876 1196
-1.0005000999618876 1197
-1.0005000999619182 1198
-1.0005000999619182 1199
-1.0005000999619182 1200
-1.0005000999619182 1201
-1.0005000999619182 1202
-1.0005000999619182 1203
-1.0005000999619182 1204
-1.0005000999619182 1205
-1.0005000999619182 1206
-1.0005000999619182 1207
-1.0005000999619182 1208
-1.0005000999619182 1209
-1.0005000999619182 1210
-1.0005000999619182 1211
-1.0005000999619182 1212
-1.0005000999619182 1213
-1.0005000999619182 1214
-1.0005000999619182 1215
-1.0005000999619182 1216
-1.0005000999619182 1217
-1.0005000999619182 1218
-1.0005000999619182 1219
-1.0005000999619182 1220
-1.0005000999619182 1221
-1.0005000999619182 1222
-1.0005000999619182 1223
-1.0005000999619182 1224
-1.0005000999619182 1225
-1.0005000999619182 1226
-1.0005000999619182 1227
-1.0005000999619182 1228
-1.0005000999619182 1229
-1.0005000999619182 1230
-1.0005000999619182 1231
-1.0005000999619182 1232
-1.0005000999619182 1233
-1.0005000999619182 1234
-1.0005000999619182 1235
-1.0005000999619182 1236
-1.0005000999619182 1237
-1.0005000999619182 1238
-1.0005000999619182 1239
-1.0005000999619182 1240
-1.0005000999619182 1241
-1.0005000999619182 1242
-1.0005000999619182 1243
-1.0005000999849163 1244
-1.0005000999849163 1245
-1.0005000999849163 1246
-1.0005000999849163 1247
-1.0005000999849163 1248
-1.0005000999849163 1249
-1.0005000999849163 1250
-1.0005000999849163 1251
-1.0005000999849163 1252
-1.0005000999849163 1253
-1.0005000999849163 1254
-1.0005000999849163 1255
-1.0005000999849163 1256
-1.0005000999849163 1257
-1.0005000999849163 1258
-1.0005000999849163 1259
-1.0005000999849163 1260
-1.0005000999849163 1261
-1.0005000999849163 1262
-1.0005000999849163 1263
-1.0005000999849163 1264
-1.0005000999849163 1265
-1.0005000999849163 1266
-1.0005000999849163 1267
-1.0005000999849163 1268
-1.0005000999849163 1269
-1.0005000999849163 1270
-1.0005000999849163 1271
-1.0005000999849163 1272
-1.0005000999849163 1273
-1.0005000999849163 1274
-1.0005000999849163 1275
-1.0005000999849163 1276
-1.0005000999849163 1277
-1.0005000999849163 1278
-1.0005000999849163 1279
-1.0005000999849163 1280
-1.0005000999849163 1281
-1.0005000999849163 1282
-1.0005000999849163 1283
-1.0005000999849163 1284
-1.0005000999849163 1285
-1.0005000999849163 1286
-1.0005000999849163 1287
-1.0005000999849163 1288
-1.0005000999849163 1289
-1.0005000999849163 1290
-1.0005000999849163 1291
-1.0005000999849163 1292
-1.0005000999849163 1293
-1.0005000999849163 1294
-1.0005000999849163 1295
-1.0005000999849163 1296
-1.0005000999849163 1297
-1.0005000999849163 1298
-1.0005000999849163 1299
-1.0005000999849163 1300
-1.0005000999849163 1301
-1.0005000999849163 1302
-1.0005000999849163 1303
-1.0005000999849163 1304
-1.0005000999849163 1305
-1.0005000999849163 1306
-1.0005000999849163 1307
-1.0005000999849163 1308
-1.0005000999849163 1309
-1.0005000999849163 1310
-1.0005000999849163 1311
-1.0005000999849163 1312
-1.0005000999849163 1313
-1.0005000999849163 1314
-1.0005000999849163 1315
-1.0005000999849163 1316
-1.0005000999849163 1317
-1.0005000999849163 1318
-1.0005000999849163 1319
-1.0005000999849163 1320
-1.0005000999849163 1321
-1.0005000999849163 1322
-1.0005000999849163 1323
-1.0005000999849163 1324
-1.0005000999849163 1325
-1.0005000999849163 1326
-1.0005000999849163 1327
-1.0005000999849163 1328
-1.0005000999849163 1329
-1.0005000999849163 1330
-1.0005000999849163 1331
-1.0005000999849163 1332
-1.0005000999849163 1333
-1.0005000999849163 1334
-1.0005000999849163 1335
-1.0005000999849163 1336
-1.0005000999849163 1337
-1.0005000999849163 1338
-1.0005000999849163 1339
-1.0005000999849163 1340
-1.0005000999849163 1341
-1.0005000999849163 1342
-1.0005000999849163 1343
-1.0005000999849163 1344
-1.0005000999849163 1345
-1.0005000999849163 1346
-1.0005000999849163 1347
-1.0005000999909985 1348
-1.0005000999909985 1349
-1.0005000999909985 1350
-1.0005000999909985 1351
-1.0005000999909985 1352
-1.0005000999909985 1353
-1.0005000999909985 1354
-1.0005000999909985 1355
-1.0005000999909985 1356
-1.0005000999909985 1357
-1.0005000999909985 1358
-1.0005000999939184 1359
-1.0005000999939184 1360
-1.0005000999939184 1361
-1.0005000999939184 1362
-1.0005000999939184 1363
-1.0005000999939184 1364
-1.0005000999939184 1365
-1.0005000999939184 1366
-1.0005000999939184 1367
-1.0005000999939184 1368
-1.0005000999939184 1369
-1.0005000999939184 1370
-1.0005000999939184 1371
-1.0005000999939184 1372
-1.0005000999950677 1373
-1.0005000999959912 1374
-1.0005000999959912 1375
-1.0005000999959912 1376
-1.0005000999959912 1377
-1.0005000999959912 1378
-1.0005000999959912 1379
-1.0005000999959912 1380
-1.0005000999959912 1381
-1.0005000999959912 1382
-1.0005000999959912 1383
-1.0005000999959912 1384
-1.0005000999959912 1385
-1.0005000999959912 1386
-1.0005000999959912 1387
-1.0005000999959912 1388
-1.0005000999959912 1389
-1.0005000999959912 1390
-1.0005000999959912 1391
-1.0005000999959912 1392
-1.0005000999959912 1393
-1.0005000999959912 1394
-1.0005000999959912 1395
-1.0005000999959912 1396
-1.0005000999959912 1397
-1.0005000999959912 1398
-1.0005000999959912 1399
-1.0005000999959912 1400
-1.0005000999959912 1401
-1.0005000999959912 1402
-1.0005000999959912 1403
-1.0005000999959912 1404
-1.0005000999959912 1405
-1.0005000999959912 1406
-1.0005000999959912 1407
-1.0005000999959912 1408
-1.0005000999959912 1409
-1.0005000999959912 1410
-1.0005000999959912 1411
-1.0005000999959912 1412
-1.0005000999959912 1413
-1.0005000999959912 1414
-1.0005000999959912 1415
-1.0005000999959912 1416
-1.0005000999959912 1417
-1.0005000999959912 1418
-1.0005000999959912 1419
-1.0005000999959912 1420
-1.0005000999959912 1421
-1.0005000999959912 1422
-1.0005000999959912 1423
-1.0005000999959912 1424
-1.0005000999959912 1425
-1.0005000999987141 1426
-1.0005000999987141 1427
-1.0005000999987141 1428
-1.0005000999987141 1429
-1.0005000999987141 1430
-1.0005000999987141 1431
-1.0005000999987141 1432
-1.0005000999987141 1433
-1.0005000999987141 1434
-1.0005000999987141 1435
-1.0005000999987141 1436
-1.0005000999987141 1437
-1.0005000999987141 1438
-1.0005000999987141 1439
-1.0005000999987141 1440
-1.0005000999987141 1441
-1.0005000999987141 1442
-1.0005000999987141 1443
-1.0005000999987141 1444
