-0.7468307953819139 0
-0.8860117118633047 1
-0.8860117118633047 2
-0.9171857730647451 3
-0.9171857730647451 4
-0.7146185696155334 5
-0.9714023989847732 6
-0.9714023989847732 7
-0.9891455924298955 8
-0.8235547726426562 9
-0.9709920439466121 10
-0.9712299276847629 11
-0.9495571824966936 12
-0.9807606869557912 13
-0.9999750241162292 14
-0.9894788134940764 15
-0.9438436489893364 16
-0.9900469922199027 17
-0.9815925561254936 18
-0.9798571892408613 19
-0.9375878876127969 20
-0.9796879649842996 21
-0.9410130493257038 22
-0.9410130493257038 23
-0.9044406327147765 24
-0.9606267214910226 25
-0.8596329123785911 26
-0.9385201650529541 27
-0.9907749260626134 28
-0.9126000244417405 29
-0.9679292904498742 30
-0.9186238142596411 31
-0.5907693672659732 32
-0.9483169818756835 33
-0.9385792563498074 34
-0.8952854493531605 35
-0.8609969464764359 36
-0.8731746861950218 37
-0.8731746861950218 38
-0.9534100921921979 39
-0.9811377019819115 40
-0.9811377019819115 41
-0.9811377019819115 42
-0.9811377019819115 43
-0.9811377019819115 44
-0.9814380220885903 45
-0.9900725432535001 46
-0.9808521433479132 47
-0.9808521433479132 48
-0.9494923260823721 49
-0.9907812238360458 50
-0.9897942574953895 51
-0.8392435911569731 52
-0.831453151520494 53
-0.9999726777399264 54
-0.9999619438061889 55
-0.9999870897198762 56
-0.9999978012071676 57
-0.9999990877606392 58
-0.9999998076832339 59
-0.9999998076832339 60
-0.9999998076832339 61
-0.9999999474405109 62
-0.9999999570788961 63
-0.9999999919927843 64
-0.9999999914204739 65
-0.9999999920727218 66
-0.9999999959088324 67
-0.9999999972596416 68
-0.9999999992111893 69
-0.9999999992969939 70
-0.9999999997644412 71
-0.9999999998168024 72
-0.999999999895609 73
-0.9999999999665716 74
-0.9999999999785504 75
-0.9999999999945716 76
-0.9999999999970732 77
-0.9999999999985806 78
-0.9999999999995347 79
-0.9999999999995995 80
-0.9999999999996075 81
-0.9999999999999143 82
-0.9999999999999386 83
-0.9999999999999478 84
-0.9999999999999855 85
-0.999999999999994 86
-0.999999999999999 87
-0.9999999999999999 88
-0.9999999999999997 90
