3164.6310924435284 0
1385.4475075333153 1
1385.4475075333153 2
1051.4315147723353 3
723.558809260363 4
697.5103115390939 5
528.6523182996775 6
528.6523182996775 7
528.6523182996775 8
528.6523182996775 9
528.6523182996775 10
528.6523182996775 11
528.6523182996775 12
507.0304132860681 13
507.0304132860681 14
442.79120011928734 15
442.79120011928734 16
409.04824649413047 17
354.7675728259778 18
335.7706427101997 19
248.84028802639835 20
248.84028802639835 21
248.84028802639835 22
248.84028802639835 23
248.84028802639835 24
248.84028802639835 25
248.84028802639835 26
248.06752893078794 27
248.06752893078794 28
242.9129719141164 29
242.9129719141164 30
242.9129719141164 31
242.9129719141164 32
218.04631022824674 33
209.94115711603416 34
194.72051636389898 35
194.72051636389898 36
192.41088760341103 37
192.41088760341103 38
192.41088760341103 39
192.41088760341103 40
192.41088760341103 41
192.41088760341103 42
192.41088760341103 43
192.41088760341103 44
192.41088760341103 45
192.41088760341103 46
192.41088760341103 47
192.41088760341103 48
192.41088760341103 49
192.41088760341103 50
174.66424672984175 51
174.66424672984175 52
174.66424672984175 53
174.66424672984175 54
174.66424672984175 55
174.66424672984175 56
174.66424672984175 57
174.66424672984175 58
174.66424672984175 59
174.66424672984175 60
174.66424672984175 61
174.66424672984175 62
174.66424672984175 63
174.66424672984175 64
174.66424672984175 65
174.66424672984175 66
174.66424672984175 67
174.66424672984175 68
174.66424672984175 69
174.66424672984175 70
174.66424672984175 71
174.66424672984175 72
174.66424672984175 73
174.66424672984175 74
174.66424672984175 75
174.66424672984175 76
174.66424672984175 77
174.66424672984175 78
171.9752362778155 79
170.86856415796325 80
170.86856415796325 81
170.86856415796325 82
170.86856415796325 83
170.86856415796325 84
170.86856415796325 85
170.86856415796325 86
170.86856415796325 87
170.86856415796325 88
170.86856415796325 89
170.86856415796325 90
170.86856415796325 91
170.86856415796325 92
170.86856415796325 93
170.86856415796325 94
170.86856415796325 95
170.86856415796325 96
170.86856415796325 97
126.2313364194427 98
126.2313364194427 99
126.2313364194427 100
126.2313364194427 101
126.2313364194427 102
126.2313364194427 103
126.2313364194427 104
126.2313364194427 105
126.2313364194427 106
126.2313364194427 107
126.2313364194427 108
126.2313364194427 109
126.2313364194427 110
126.2313364194427 111
126.2313364194427 112
126.2313364194427 113
126.2313364194427 114
126.2313364194427 115
126.2313364194427 116
126.2313364194427 117
126.2313364194427 118
126.2313364194427 119
126.2313364194427 120
126.2313364194427 121
126.2313364194427 122
126.2313364194427 123
126.2313364194427 124
126.2313364194427 125
126.2313364194427 126
126.2313364194427 127
126.2313364194427 128
126.2313364194427 129
126.2313364194427 130
126.2313364194427 131
126.2313364194427 132
126.2313364194427 133
126.2313364194427 134
126.2313364194427 135
126.2313364194427 136
126.2313364194427 137
126.2313364194427 138
126.2313364194427 139
126.2313364194427 140
126.2313364194427 141
126.2313364194427 142
126.2313364194427 143
126.2313364194427 144
126.2313364194427 145
126.2313364194427 146
126.2313364194427 147
126.2313364194427 148
126.2313364194427 149
126.2313364194427 150
126.2313364194427 151
126.2313364194427 152
126.2313364194427 153
126.2313364194427 154
126.2313364194427 155
126.2313364194427 156
126.2313364194427 157
125.81343205926589 158
125.81343205926589 159
125.81343205926589 160
125.81343205926589 161
125.81343205926589 162
125.81343205926589 163
99.53251500742134 164
99.53251500742134 165
99.53251500742134 166
99.53251500742134 167
99.53251500742134 168
99.53251500742134 169
99.53251500742134 170
99.53251500742134 171
99.53251500742134 172
99.53251500742134 173
99.53251500742134 174
99.53251500742134 175
99.53251500742134 176
99.53251500742134 177
99.53251500742134 178
99.53251500742134 179
99.53251500742134 180
99.53251500742134 181
99.53251500742134 182
99.53251500742134 183
99.53251500742134 184
99.53251500742134 185
99.53251500742134 186
99.53251500742134 187
99.53251500742134 188
99.53251500742134 189
99.53251500742134 190
99.53251500742134 191
99.53251500742134 192
99.53251500742134 193
99.53251500742134 194
99.53251500742134 195
99.53251500742134 196
99.53251500742134 197
99.53251500742134 198
99.53251500742134 199
99.53251500742134 200
99.53251500742134 201
99.53251500742134 202
99.53251500742134 203
99.53251500742134 204
99.53251500742134 205
99.53251500742134 206
96.30770463965703 207
96.30770463965703 208
96.30770463965703 209
96.30770463965703 210
96.30770463965703 211
96.30770463965703 212
96.30770463965703 213
96.30770463965703 214
96.30770463965703 215
96.30770463965703 216
96.30770463965703 217
96.30770463965703 218
96.30770463965703 219
96.30770463965703 220
96.30770463965703 221
96.30770463965703 222
96.30770463965703 223
96.30770463965703 224
96.30770463965703 225
96.30770463965703 226
96.30770463965703 227
96.30770463965703 228
96.30770463965703 229
96.30770463965703 230
96.30770463965703 231
96.30770463965703 232
96.30770463965703 233
96.30770463965703 234
96.30770463965703 235
96.30770463965703 236
96.30770463965703 237
96.30770463965703 238
96.30770463965703 239
96.30770463965703 240
96.30770463965703 241
96.30770463965703 242
96.30770463965703 243
96.30770463965703 244
93.20362813263456 245
93.20362813263456 246
93.20362813263456 247
87.55947693933462 248
87.55947693933462 249
87.12098142695511 250
86.1686591844796 251
86.1686591844796 252
80.17837817845535 253
80.17837817845535 254
80.17837817845535 255
75.92314136027724 256
75.92314136027724 257
75.92314136027724 258
75.92314136027724 259
75.92314136027724 260
75.92314136027724 261
75.92314136027724 262
75.92314136027724 263
75.92314136027724 264
75.92314136027724 265
75.92314136027724 266
75.92314136027724 267
75.92314136027724 268
75.92314136027724 269
75.92314136027724 270
75.92314136027724 271
75.92314136027724 272
75.92314136027724 273
75.92314136027724 274
75.92314136027724 275
75.92314136027724 276
75.92314136027724 277
75.92314136027724 278
75.92314136027724 279
75.92314136027724 280
75.92314136027724 281
75.92314136027724 282
75.92314136027724 283
75.92314136027724 284
75.92314136027724 285
75.92314136027724 286
75.92314136027724 287
75.92314136027724 288
75.92314136027724 289
75.92314136027724 290
75.92314136027724 291
75.92314136027724 292
75.92314136027724 293
75.92314136027724 294
75.92314136027724 295
75.92314136027724 296
75.92314136027724 297
75.92314136027724 298
75.92314136027724 299
75.92314136027724 300
75.92314136027724 301
75.92314136027724 302
71.60062467810741 303
71.60062467810741 304
71.60062467810741 305
71.60062467810741 306
71.60062467810741 307
71.60062467810741 308
71.60062467810741 309
71.60062467810741 310
71.60062467810741 311
71.60062467810741 312
71.60062467810741 313
71.60062467810741 314
71.60062467810741 315
69.22435985097835 316
69.22435985097835 317
68.32303533565434 318
68.32303533565434 319
67.6693589281964 320
67.6693589281964 321
67.6693589281964 322
67.6693589281964 323
63.000471478526215 324
63.000471478526215 325
63.000471478526215 326
63.000471478526215 327
63.000471478526215 328
63.000471478526215 329
61.76081185824874 330
61.112403557883 331
60.6033416552703 332
58.768706392835114 333
53.401375567850465 334
53.401375567850465 335
53.401375567850465 336
53.401375567850465 337
53.35961288689363 338
47.0004809813833 339
47.0004809813833 340
47.0004809813833 341
47.0004809813833 342
47.0004809813833 343
47.0004809813833 344
47.0004809813833 345
47.0004809813833 346
47.0004809813833 347
47.0004809813833 348
47.0004809813833 349
47.0004809813833 350
47.0004809813833 351
47.0004809813833 352
47.0004809813833 353
43.70791879048599 354
43.70791879048599 355
43.70791879048599 356
43.70791879048599 357
43.70791879048599 358
43.44425183843778 359
43.44425183843778 360
43.44425183843778 361
43.07583014378799 362
43.07583014378799 363
43.07583014378799 364
39.81652723043709 365
39.81652723043709 366
39.81652723043709 367
39.81652723043709 368
39.81652723043709 369
39.81652723043709 370
39.81652723043709 371
39.81652723043709 372
39.30285167856597 373
39.02741951581972 374
38.95824763600747 375
38.95824763600747 376
38.95824763600747 377
38.484408973273595 378
38.484408973273595 379
38.219525547386105 380
38.01690199490963 381
37.39795102896546 382
37.39795102896546 383
37.39795102896546 384
37.39795102896546 385
37.39795102896546 386
37.39795102896546 387
37.39795102896546 388
37.39795102896546 389
37.21321543980595 390
36.923235111363816 391
36.923235111363816 392
36.867594469081 393
36.867594469081 394
36.867594469081 395
36.867594469081 396
36.496104905645666 397
36.496104905645666 398
36.496104905645666 399
36.104190853413385 400
36.104190853413385 401
35.8527323309714 402
35.8527323309714 403
35.8527323309714 404
35.8527323309714 405
35.8527323309714 406
35.50491234249281 407
35.50491234249281 408
35.50491234249281 409
35.306920141122916 410
35.306920141122916 411
35.145504563712805 412
35.145504563712805 413
34.901943909020765 414
34.65231343738469 415
34.49862185861284 416
34.4750058983097 417
34.4750058983097 418
34.4750058983097 419
34.455568256960106 420
34.455568256960106 421
34.39420234319326 422
34.24076629439316 423
34.24076629439316 424
34.194851200017226 425
34.12886221261987 426
34.12107058977845 427
34.12107058977845 428
34.12107058977845 429
34.12107058977845 430
34.029812331179066 431
33.90433846819488 432
33.90433846819488 433
33.83600099462287 434
33.64750671524758 435
33.64750671524758 436
33.64750671524758 437
33.64750671524758 438
33.64750671524758 439
33.64750671524758 440
33.64750671524758 441
33.64750671524758 442
33.64750671524758 443
33.50961010287608 444
33.50961010287608 445
33.50961010287608 446
33.50961010287608 447
33.50961010287608 448
33.50961010287608 449
33.50961010287608 450
33.4808056493426 451
33.443382563247866 452
33.443382563247866 453
33.396236774967846 454
33.396236774967846 455
33.396236774967846 456
33.396236774967846 457
33.34462902959008 458
33.33920474494833 459
33.33920474494833 460
33.33920474494833 461
33.33920474494833 462
33.33920474494833 463
33.33920474494833 464
33.33920474494833 465
33.32918081908144 466
33.32918081908144 467
33.304497756019785 468
33.26439810855928 469
33.26439810855928 470
33.217774086516876 471
33.217774086516876 472
33.19964811773076 473
33.19964811773076 474
33.17996679009974 475
33.16737382989443 476
33.139976065804056 477
33.13220436341384 478
33.10780766176242 479
33.10494748752893 480
33.06670675336913 481
33.050165047617966 482
33.050165047617966 483
33.048102327360084 484
33.048102327360084 485
33.02936866821835 486
33.02035224316327 487
33.015197716382005 488
33.015197716382005 489
33.00418370961688 490
32.99752208368386 491
32.99752208368386 492
32.977540977279155 493
32.97630813229936 494
32.97518844317285 495
32.97518844317285 496
32.97518844317285 497
32.9492373596446 498
32.945971971199015 499
32.92177284976594 500
32.92177284976594 501
32.90843051004539 502
32.90843051004539 503
32.90843051004539 504
32.90523307372905 505
32.86977668540588 506
32.86977668540588 507
32.86977668540588 508
32.86645213100607 509
32.86645213100607 510
32.84680729442688 511
32.844934105441745 512
32.844934105441745 513
32.83154780201489 514
32.83154780201489 515
32.817910980499846 516
32.817910980499846 517
32.80605465339156 518
32.79532814465008 519
32.792468511097894 520
32.7597471778406 521
32.7597471778406 522
32.74774709109789 523
32.74774709109789 524
32.74774709109789 525
32.74626256965521 526
32.73735601574001 527
32.73735601574001 528
32.72667355725302 529
32.72611617016649 530
32.7211823304779 531
32.7211823304779 532
32.71243893049084 533
32.71243893049084 534
32.708611679688595 535
32.70516335158641 536
32.70311745969845 537
32.701346887990724 538
32.70085864749092 539
32.69989634021632 540
32.69977020621489 541
32.69488383373691 542
32.69488383373691 543
32.69483853879125 544
32.69483853879125 545
32.68763047183285 546
32.68763047183285 547
32.68763047183285 548
32.68763047183285 549
32.68763047183285 550
32.68411036811374 551
32.68411036811374 552
32.68411036811374 553
32.68411036811374 554
32.68411036811374 555
32.68411036811374 556
32.68408065433499 557
32.68408065433499 558
32.683639594565776 559
32.68271300853239 560
32.67786381302329 561
32.674952942661584 562
32.674952942661584 563
32.674952942661584 564
32.674952942661584 565
32.674952942661584 566
32.674952942661584 567
32.674952942661584 568
32.674952942661584 569
32.67094339214874 570
32.67094339214874 571
32.67094339214874 572
32.67094339214874 573
32.6693499187595 574
32.66893397114228 575
32.66893397114228 576
32.66893397114228 577
32.66842737215938 578
32.66842737215938 579
32.66842737215938 580
32.66842737215938 581
32.66814090101512 582
32.66814090101512 583
32.66812260988039 584
32.66759638534822 585
32.66759638534822 586
32.66759638534822 587
32.667351279440624 588
32.66696685304848 589
32.66641908590352 590
32.66641908590352 591
32.66614132912997 592
32.66548034836751 593
32.66516094813279 594
32.66412224523047 595
32.66319655220269 596
32.663038078291834 597
32.66266416741032 598
32.66266416741032 599
32.6625562073243 600
32.6625562073243 601
32.66112831633285 602
32.66112831633285 603
32.66112831633285 604
32.66112831633285 605
32.66112831633285 606
32.66112831633285 607
32.66077983536131 608
32.66077983536131 609
32.66049067404016 610
32.66039025193196 611
32.66039025193196 612
32.65993559326802 613
32.65993559326802 614
32.659476679337175 615
32.659476679337175 616
32.659476679337175 617
32.659476679337175 618
32.659476679337175 619
32.65945471738337 620
32.65917664031748 621
32.65913124051164 622
32.658908671100136 623
32.65873088891507 624
32.65866099713817 625
32.65864353838202 626
32.65864353838202 627
32.658620325604 628
32.65842639813525 629
32.658233744708085 630
32.65811928332594 631
32.65811928332594 632
32.65811928332594 633
32.65792903940805 634
32.657823434014276 635
32.657823434014276 636
32.65761789111801 637
32.6575648994966 638
32.6574198920464 639
32.6574198920464 640
32.6574198920464 641
32.657369015476824 642
32.657369015476824 643
32.6572251290188 644
32.6572251290188 645
32.6572251290188 646
32.6572251290188 647
32.65708284416269 648
32.65705037769433 649
32.65696839925356 650
32.65695969842561 651
32.656954698902254 652
32.65670113150426 653
32.65670113150426 654
32.65670113150426 655
32.65670113150426 656
32.65670113150426 657
32.65661800899227 658
32.65653550612873 659
32.65653550612873 660
32.65653550612873 661
32.65653550612873 662
32.65653550612873 663
32.65653550612873 664
32.65653550612873 665
32.65653550612873 666
32.65649279876325 667
32.65649279876325 668
32.656486171449345 669
32.65645130065525 670
32.65645130065525 671
32.656412524480984 672
32.65641184918774 673
32.65639729475232 674
32.6563627712778 675
32.65633593797785 676
32.65633593797785 677
32.65632656515564 678
32.65632656515564 679
32.65627277284518 680
32.65617330901518 681
32.65617330901518 682
32.65617330901518 683
32.65617330901518 684
32.65617330901518 685
32.65613834241903 686
32.65613834241903 687
32.65613834241903 688
32.65603633103325 689
32.65603633103325 690
32.65603633103325 691
32.65601261769716 692
32.65600106366493 693
32.65597706880418 694
32.65597706880418 695
32.65597706880418 696
32.655969267898406 697
32.655969267898406 698
32.65596609825565 699
32.65596609825565 700
32.65595126285526 701
32.65590916406526 702
32.65590916406526 703
32.65590916406526 704
32.65589454169253 705
32.65589454169253 706
32.65589454169253 707
32.65589454169253 708
32.65589454169253 709
32.65589454169253 710
32.65589290810752 711
32.65585982682816 712
32.65585982682816 713
32.65585250098568 714
32.65585250098568 715
32.65585250098568 716
32.655849850305586 717
32.655849850305586 718
32.655822142204 719
32.655801444447675 720
32.655801444447675 721
32.655801444447675 722
32.65576819774929 723
32.65576819774929 724
32.65576819774929 725
32.65576819774929 726
32.65576819774929 727
32.65576819774929 728
32.65576819774929 729
32.65576819774929 730
32.655760507249326 731
32.655760507249326 732
32.655760507249326 733
32.65575396405824 734
32.65575396405824 735
32.65575396405824 736
32.655748350746805 737
32.65574502272398 738
32.65574495729162 739
32.655739674634574 740
32.655735669189866 741
32.655731981030485 742
32.655728374823454 743
32.655722988249 744
32.65571765816399 745
32.655717227319165 746
32.655717227319165 747
32.65571591156238 748
32.65571591156238 749
32.65571392315354 750
32.655707447793255 751
32.65569846258401 752
32.65569846258401 753
32.65569709531376 754
32.655695164063005 755
32.655695164063005 756
32.655682960910724 757
32.655682960910724 758
32.655682960910724 759
32.65567996001389 760
32.655675018361734 761
32.655669884652596 762
32.655669884652596 763
32.655669884652596 764
32.655669884652596 765
32.655669884652596 766
32.655669884652596 767
32.655669884652596 768
32.655669884652596 769
32.65566636498058 770
32.65566636498058 771
32.655664037850144 772
32.65566146999538 773
32.65566145423472 774
32.655659196630154 775
32.65565786630424 776
32.65565595336714 777
32.65565595336714 778
32.65565595336714 779
32.65565245837358 780
32.65565245837358 781
32.65565245837358 782
32.65565245837358 783
32.65565245837358 784
32.65565227633274 785
32.65565153227047 786
32.65565036862193 787
32.655649525193695 788
32.6556490079605 789
32.65564752527669 790
32.65564692173034 791
32.65564422122319 792
32.65564422122319 793
32.65564407533718 794
32.65564407533718 795
32.65564196703609 796
32.65564188441185 797
32.655640063005364 798
32.65563930697012 799
32.65563920533364 800
32.655638302123634 801
32.655635765932985 802
32.65563413254763 803
32.65563354366663 804
32.65563089930133 805
32.65563089930133 806
32.65563089930133 807
32.65563089930133 808
32.65563089930133 809
32.65562968315276 810
32.655629338563294 811
32.65562769594813 812
32.65562558592278 813
32.655623752507495 814
32.6556204953767 815
32.65561954859555 816
32.65561862528544 817
32.65561862528544 818
32.65561862528544 819
32.65561758884434 820
32.655616607142576 821
32.655616607142576 822
32.6556150919229 823
32.6556150919229 824
32.6556143420209 825
32.65561270014258 826
32.65561270014258 827
32.65560895212404 828
32.65560895212404 829
32.65560895212404 830
32.65560895212404 831
32.65560895212404 832
32.65560841305414 833
32.655608385542386 834
32.65560727617781 835
32.65560677991851 836
32.65560663327478 837
32.65560597788468 838
32.65560526360016 839
32.65560441547304 840
32.65560429543145 841
32.655603623932244 842
32.65560273867956 843
32.65560273867956 844
32.65560237440419 845
32.65560204413363 846
32.65560184785083 847
32.655601402911834 848
32.65560114248514 849
32.65560106763721 850
32.655600124243406 851
32.655600124243406 852
32.655600124243406 853
32.65559987631243 854
32.65559973712952 855
32.65559973712952 856
32.65559973712952 857
32.65559955559643 858
32.65559934991075 859
32.65559917926965 860
32.655599006809126 861
32.65559892502957 862
32.65559892502957 863
32.655598305843604 864
32.6555982941794 865
32.65559802711806 866
32.65559793207433 867
32.65559758926831 868
32.65559749002 869
32.65559713292055 870
32.65559699562944 871
32.655596994136445 872
32.65559665029267 873
32.65559665029267 874
32.65559645050162 875
32.65559618084626 876
32.65559611485025 877
32.655595944246855 878
32.65559578670717 879
32.6555956977692 880
32.6555956977692 881
32.65559565296768 882
32.655595493967446 883
32.65559535101704 884
32.65559530274622 885
32.655595153686754 886
32.655595153686754 887
32.65559495174492 888
32.65559456482646 889
32.65559456482646 890
32.65559454482482 891
32.655594291086 892
32.655594291086 893
32.655594291086 894
32.655594291086 895
32.655594153810625 896
32.65559408723253 897
32.65559396437342 898
32.65559396437342 899
32.65559396437342 900
32.655593894362994 901
32.65559386532369 902
32.65559386532369 903
32.65559381944687 904
32.65559381944687 905
32.65559362299213 906
32.65559362299213 907
32.65559362299213 908
32.65559362299213 909
32.65559362299213 910
32.65559362299213 911
32.655593595007254 912
32.655593595007254 913
32.655593595007254 914
32.655593595007254 915
32.6555935280613 916
32.6555935280613 917
32.6555935280613 918
32.65559349082427 919
32.65559348188499 920
32.65559348188499 921
32.655593372481206 922
32.655593372481206 923
32.65559336373285 924
32.65559336373285 925
32.65559336373285 926
32.65559336373285 927
32.65559336373285 928
32.6555933229129 929
32.65559327763033 930
32.65559327763033 931
32.65559324838809 932
32.65559320633564 933
32.65559320633564 934
32.65559320633564 935
32.65559320633564 936
32.65559320633564 937
32.65559320633564 938
32.65559320633564 939
32.655593199606635 940
32.655593199606635 941
32.655593184300216 942
32.65559318415828 943
32.65559316207748 944
32.655593159855016 945
32.655593159855016 946
32.65559315646044 947
32.65559315291225 948
32.65559315291225 949
32.655593132976854 950
32.65559313286525 951
32.65559310367499 952
32.65559310367499 953
32.65559310367499 954
32.65559310367499 955
32.65559310367499 956
32.655593098178365 957
32.655593094469054 958
32.6555930918208 959
32.6555930918208 960
32.65559308722534 961
32.655593074294515 962
32.655593074294515 963
32.655593074294515 964
32.65559307357452 965
32.65559306566506 966
32.65559305642017 967
32.65559305642017 968
32.65559305642017 969
32.65559305642017 970
32.65559305642017 971
32.65559305642017 972
32.65559305642017 973
32.65559305642017 974
32.65559304706299 975
32.6555930334671 976
32.6555930334671 977
32.6555930334671 978
32.6555930334671 979
32.6555930334671 980
32.655593029660096 981
32.65559302951021 982
32.655593017330986 983
32.655593017330986 984
32.655593017330986 985
32.655593017330986 986
32.655593017330986 987
32.655593010424596 988
32.655593007090914 989
32.65559299773947 990
32.65559299773947 991
32.65559299773947 992
32.65559299620476 993
32.65559299620476 994
32.65559299605264 995
32.65559298881685 996
32.65559298881685 997
32.65559298881685 998
32.65559298881685 999
32.65559298738385 1000
32.65559298518792 1001
32.65559298441994 1002
32.655592983104654 1003
32.655592983104654 1004
32.655592983104654 1005
32.65559297667106 1006
32.65559297667106 1007
32.65559297667106 1008
32.65559297667106 1009
32.65559297667106 1010
32.65559297667106 1011
32.65559297667106 1012
32.65559297590499 1013
32.65559297590499 1014
32.65559297449835 1015
32.65559297449835 1016
32.65559297138997 1017
32.65559297138997 1018
32.65559297138997 1019
32.65559297138997 1020
32.65559297138997 1021
32.65559297138997 1022
32.65559297138997 1023
32.65559297138997 1024
32.65559297084715 1025
32.655592970237585 1026
32.655592970237585 1027
32.65559296949524 1028
32.65559296884076 1029
32.65559296817737 1030
32.65559296817737 1031
32.6555929674439 1032
32.655592966765994 1033
32.655592966488236 1034
32.65559296571776 1035
32.65559296532419 1036
32.655592965274614 1037
32.655592965274614 1038
32.655592965274614 1039
32.65559296468365 1040
32.65559296453489 1041
32.65559296453489 1042
32.65559296453489 1043
32.65559296453489 1044
32.65559296453489 1045
32.65559296440076 1046
32.655592964343185 1047
32.655592964324725 1048
32.655592964198476 1049
32.655592963866184 1050
32.655592963573845 1051
32.65559296339186 1052
32.65559296333668 1053
32.65559296284184 1054
32.65559296284184 1055
32.65559296240448 1056
32.655592962196074 1057
32.655592962196074 1058
32.655592962196074 1059
32.655592961952856 1060
32.655592961952856 1061
32.655592961836675 1062
32.655592961836675 1063
32.655592961836675 1064
32.655592961742144 1065
32.65559296159881 1066
32.65559296154376 1067
32.65559296130545 1068
32.65559296112619 1069
32.65559296112619 1070
32.6555929609042 1071
32.6555929609042 1072
32.65559296086094 1073
32.65559296078499 1074
32.65559296071807 1075
32.655592960557335 1076
32.65559296042308 1077
32.65559296036088 1078
32.65559296016025 1079
32.65559296016025 1080
32.6555929600414 1081
32.65559295993648 1082
32.65559295993648 1083
32.65559295993648 1084
32.65559295987946 1085
32.65559295987946 1086
32.65559295971545 1087
32.65559295962346 1088
32.65559295962346 1089
32.65559295962346 1090
32.655592959577916 1091
32.655592959577916 1092
32.65559295935316 1093
32.65559295935316 1094
32.65559295935316 1095
32.65559295935316 1096
32.65559295935316 1097
32.65559295935316 1098
32.65559295920529 1099
32.65559295920529 1100
32.65559295920529 1101
32.655592959193044 1102
32.65559295917706 1103
32.65559295908842 1104
32.65559295905106 1105
32.65559295889818 1106
32.65559295889818 1107
32.65559295889818 1108
32.65559295862169 1109
32.655592958577515 1110
32.655592958445396 1111
32.65559295832737 1112
32.655592958157044 1113
32.65559295801485 1114
32.65559295795715 1115
32.65559295768299 1116
32.655592957525215 1117
32.655592957354884 1118
32.65559295721741 1119
32.65559295714747 1120
32.65559295706701 1121
32.65559295684408 1122
32.655592956285375 1123
32.65559295598504 1124
32.6555929558744 1125
32.65559295539473 1126
32.655592955321495 1127
32.65559295477844 1128
32.655592954445595 1129
32.65559295410216 1130
32.65559295359252 1131
32.65559295359252 1132
32.65559295332826 1133
32.6555929532053 1134
32.655592953084565 1135
32.6555929530775 1136
32.65559295287432 1137
32.655592952658125 1138
32.65559295264423 1139
32.65559295262095 1140
32.65559295261469 1141
32.65559295252713 1142
32.65559295222842 1143
32.65559295222842 1144
32.65559295222842 1145
32.65559295216719 1146
32.6555929521315 1147
32.6555929520198 1148
32.65559295200552 1149
32.65559295199554 1150
32.6555929518297 1151
32.65559295180019 1152
32.65559295180019 1153
32.65559295180019 1154
32.65559295180019 1155
32.65559295180019 1156
32.65559295178068 1157
32.655592951744225 1158
32.655592951614196 1159
32.65559295160128 1160
32.655592951409645 1161
32.65559295140279 1162
32.65559295140279 1163
32.65559295134753 1164
32.65559295134753 1165
32.655592951219916 1166
32.655592951219916 1167
32.65559295116957 1168
32.65559295116957 1169
32.65559295116957 1170
32.65559295112895 1171
32.655592951121506 1172
32.6555929510457 1173
32.65559295101569 1174
32.65559295100079 1175
32.655592950954514 1176
32.65559295091546 1177
32.65559295091546 1178
32.65559295091546 1179
32.65559295090799 1180
32.65559295089325 1181
32.655592950875224 1182
32.6555929508626 1183
32.6555929508626 1184
32.655592950798564 1185
32.655592950798564 1186
32.655592950751284 1187
32.655592950751284 1188
32.655592950751284 1189
32.65559295069875 1190
32.65559295068307 1191
32.655592950667774 1192
32.655592950667774 1193
32.65559295066493 1194
32.65559295063098 1195
32.65559295063098 1196
32.65559295058809 1197
32.65559295058809 1198
32.65559295058809 1199
32.65559295058809 1200
32.65559295058809 1201
32.65559295057915 1202
32.65559295056918 1203
32.65559295054783 1204
32.65559295052714 1205
32.65559295051874 1206
32.65559295051359 1207
32.655592950482706 1208
32.655592950482 1209
32.65559295044622 1210
32.65559295044622 1211
32.65559295044507 1212
32.65559295044507 1213
32.65559295044507 1214
32.65559295044507 1215
32.65559295043812 1216
32.65559295043638 1217
32.65559295043611 1218
32.6555929504228 1219
32.6555929504228 1220
32.65559295041737 1221
32.6555929503929 1222
32.65559295038633 1223
32.65559295038341 1224
32.655592950368415 1225
32.65559295035885 1226
32.655592950355015 1227
32.655592950355015 1228
32.655592950354205 1229
32.655592950354205 1230
32.655592950354176 1231
32.65559295035117 1232
32.65559295034229 1233
32.65559295034123 1234
32.65559295033798 1235
32.65559295033705 1236
32.65559295033016 1237
32.65559295033016 1238
32.655592950326884 1239
32.65559295031975 1240
32.65559295031757 1241
32.65559295031757 1242
32.65559295030171 1243
32.65559295030171 1244
32.65559295030171 1245
32.65559295030171 1246
32.65559295030171 1247
32.65559295030171 1248
32.65559295030171 1249
32.65559295030171 1250
32.65559295030171 1251
32.65559295030171 1252
32.65559295030103 1253
32.655592950295485 1254
32.655592950295485 1255
32.65559295029417 1256
32.65559295029417 1257
32.65559295029211 1258
32.655592950288195 1259
32.655592950288195 1260
32.65559295028219 1261
32.65559295028219 1262
32.65559295028219 1263
32.65559295028219 1264
32.65559295027899 1265
32.65559295027899 1266
32.65559295027844 1267
32.65559295027844 1268
32.65559295027794 1269
32.65559295027794 1270
32.65559295027794 1271
32.655592950277494 1272
32.655592950276606 1273
32.65559295027621 1274
32.65559295027621 1275
32.65559295027621 1276
32.65559295027598 1277
32.65559295027535 1278
32.65559295027469 1279
32.65559295027297 1280
32.655592950272926 1281
32.655592950272705 1282
32.65559295027096 1283
32.65559295027096 1284
32.65559295027096 1285
32.65559295026993 1286
32.65559295026983 1287
32.655592950269195 1288
32.65559295026878 1289
32.65559295026694 1290
32.65559295026638 1291
32.65559295026498 1292
32.65559295026462 1293
32.65559295026421 1294
32.65559295026332 1295
32.65559295026312 1296
32.655592950262076 1297
32.65559295026121 1298
32.65559295026058 1299
32.65559295026058 1300
32.65559295026024 1301
32.65559295025938 1302
32.65559295025938 1303
32.65559295025938 1304
32.65559295025938 1305
32.65559295025895 1306
32.65559295025856 1307
32.65559295025711 1308
32.65559295025711 1309
32.65559295025711 1310
32.65559295025711 1311
32.65559295025672 1312
32.6555929502563 1313
32.6555929502563 1314
32.65559295025597 1315
32.65559295025593 1316
32.6555929502554 1317
32.65559295025517 1318
32.65559295025517 1319
32.65559295025489 1320
32.655592950254345 1321
32.65559295025426 1322
32.655592950253975 1323
32.655592950253975 1324
32.65559295025389 1325
32.6555929502534 1326
32.65559295025318 1327
32.65559295025287 1328
32.65559295025275 1329
32.65559295025275 1330
32.65559295025275 1331
32.65559295025274 1332
32.655592950252334 1333
32.655592950252334 1334
32.655592950252334 1335
32.655592950252085 1336
32.655592950251815 1337
32.655592950251815 1338
32.65559295025169 1339
32.65559295025142 1340
32.65559295025121 1341
32.65559295025121 1342
32.65559295025121 1343
32.65559295025121 1344
32.655592950251105 1345
32.655592950250956 1346
32.65559295025078 1347
32.65559295025053 1348
32.65559295025053 1349
32.65559295025053 1350
32.65559295025053 1351
32.65559295025053 1352
32.65559295025052 1353
32.655592950250394 1354
32.6555929502503 1355
32.655592950250075 1356
32.655592950250075 1357
32.65559295025001 1358
32.65559295024984 1359
32.65559295024979 1360
32.655592950249755 1361
32.655592950249684 1362
32.655592950249655 1363
32.655592950249485 1364
32.655592950249485 1365
32.655592950249485 1366
32.655592950249485 1367
32.655592950249485 1368
32.65559295024945 1369
32.6555929502494 1370
32.65559295024931 1371
32.655592950249265 1372
32.655592950249236 1373
32.65559295024923 1374
32.65559295024923 1375
32.6555929502492 1376
32.6555929502492 1377
32.6555929502492 1378
32.65559295024917 1379
32.6555929502491 1380
32.65559295024908 1381
32.65559295024903 1382
32.65559295024903 1383
32.655592950249 1384
32.65559295024893 1385
32.65559295024893 1386
32.65559295024892 1387
32.6555929502489 1388
32.6555929502489 1389
32.65559295024888 1390
32.65559295024885 1391
32.65559295024885 1392
32.65559295024885 1393
32.655592950248845 1394
32.65559295024884 1395
32.65559295024879 1396
32.65559295024879 1397
32.65559295024879 1398
32.65559295024879 1399
32.65559295024878 1400
32.65559295024876 1401
32.65559295024869 1402
32.65559295024869 1403
32.65559295024869 1404
32.65559295024869 1405
32.655592950248646 1406
32.655592950248646 1407
32.655592950248646 1408
32.65559295024864 1409
32.65559295024862 1410
32.655592950248604 1411
32.65559295024859 1412
32.655592950248554 1413
32.65559295024853 1414
32.65559295024853 1415
32.65559295024846 1416
32.65559295024846 1417
32.65559295024838 1418
32.65559295024838 1419
32.655592950248376 1420
32.655592950248376 1421
32.655592950248376 1422
32.655592950248334 1423
32.65559295024832 1424
32.655592950248305 1425
32.655592950248256 1426
32.65559295024825 1427
32.65559295024824 1428
32.65559295024822 1429
32.655592950248185 1430
32.655592950248185 1431
32.65559295024811 1432
32.655592950248064 1433
32.655592950248035 1434
32.65559295024801 1435
32.65559295024801 1436
32.65559295024795 1437
32.65559295024795 1438
32.65559295024795 1439
32.655592950247936 1440
32.6555929502479 1441
32.655592950247886 1442
32.65559295024785 1443
32.6555929502478 1444
32.65559295024779 1445
32.65559295024778 1446
32.65559295024777 1447
32.655592950247765 1448
32.65559295024772 1449
32.65559295024772 1450
32.655592950247694 1451
32.655592950247666 1452
32.65559295024765 1453
32.65559295024764 1454
32.65559295024764 1455
32.65559295024757 1456
32.65559295024754 1457
32.655592950247524 1458
32.655592950247495 1459
32.65559295024749 1460
32.65559295024747 1461
32.65559295024742 1462
32.65559295024742 1463
32.6555929502474 1464
32.65559295024738 1465
32.65559295024735 1466
32.65559295024734 1467
32.65559295024734 1468
32.65559295024732 1469
32.65559295024732 1470
32.65559295024732 1471
32.65559295024731 1472
32.655592950247296 1473
32.655592950247296 1474
32.65559295024727 1475
32.65559295024727 1476
32.65559295024727 1477
32.655592950247254 1478
32.65559295024725 1479
32.65559295024725 1480
32.65559295024724 1481
32.655592950247225 1482
32.655592950247225 1483
32.655592950247225 1484
32.655592950247225 1485
32.655592950247225 1486
32.65559295024722 1487
32.65559295024721 1488
32.65559295024721 1489
32.65559295024721 1490
32.65559295024721 1491
32.65559295024721 1492
32.65559295024721 1493
32.655592950247204 1494
32.6555929502472 1495
32.65559295024719 1496
32.65559295024718 1497
32.65559295024717 1498
32.65559295024716 1499
32.65559295024715 1500
32.65559295024714 1501
32.655592950247126 1502
32.655592950247105 1503
32.6555929502471 1504
32.65559295024709 1505
32.65559295024708 1506
32.655592950247076 1507
32.65559295024707 1508
32.65559295024706 1509
32.655592950247055 1510
32.655592950247055 1511
32.65559295024705 1512
32.65559295024705 1513
32.65559295024704 1514
32.655592950247026 1515
32.655592950247026 1516
32.65559295024702 1517
32.65559295024702 1518
32.65559295024701 1519
32.65559295024701 1520
32.65559295024701 1521
32.65559295024701 1522
32.655592950247 1523
32.65559295024699 1524
32.65559295024699 1525
32.65559295024699 1526
32.65559295024699 1527
32.655592950246984 1528
32.655592950246984 1529
32.655592950246984 1530
32.655592950246984 1531
32.655592950246984 1532
32.655592950246984 1533
32.65559295024698 1534
32.65559295024698 1535
32.65559295024697 1536
32.65559295024697 1537
32.65559295024697 1538
32.65559295024697 1539
32.65559295024697 1540
32.65559295024696 1541
32.655592950246955 1542
32.655592950246955 1543
32.655592950246955 1544
32.655592950246955 1545
32.65559295024695 1546
32.65559295024695 1547
32.65559295024695 1548
32.65559295024694 1549
32.65559295024694 1550
32.655592950246934 1551
32.655592950246934 1552
32.655592950246934 1553
32.65559295024693 1554
32.65559295024693 1555
32.65559295024693 1556
32.65559295024693 1557
32.65559295024693 1558
32.65559295024693 1559
32.65559295024693 1560
32.65559295024693 1561
32.65559295024692 1562
32.65559295024692 1563
32.65559295024691 1564
32.65559295024691 1565
32.6555929502469 1566
32.6555929502469 1567
32.6555929502469 1568
32.6555929502469 1569
32.65559295024689 1570
32.65559295024689 1571
32.655592950246884 1572
32.65559295024688 1573
32.65559295024688 1574
32.65559295024688 1575
32.65559295024687 1576
32.65559295024687 1577
32.65559295024687 1578
32.65559295024687 1579
32.65559295024687 1580
32.65559295024687 1581
32.65559295024686 1582
32.65559295024686 1583
32.65559295024686 1584
32.65559295024686 1585
32.65559295024686 1586
32.65559295024686 1587
32.65559295024686 1588
32.655592950246856 1589
32.655592950246856 1590
32.655592950246856 1591
32.655592950246856 1592
32.655592950246856 1593
32.655592950246856 1594
32.655592950246856 1595
32.655592950246856 1596
32.655592950246856 1597
32.655592950246856 1598
32.655592950246856 1599
32.655592950246856 1600
32.655592950246856 1601
32.655592950246856 1602
32.655592950246856 1603
32.655592950246856 1604
32.655592950246856 1605
32.655592950246856 1606
32.655592950246856 1607
32.655592950246856 1608
32.655592950246856 1609
32.655592950246856 1610
32.655592950246856 1611
32.655592950246856 1612
32.655592950246856 1613
32.655592950246856 1614
32.655592950246856 1615
32.655592950246856 1616
32.655592950246856 1617
32.655592950246856 1618
32.655592950246856 1619
32.655592950246856 1620
32.655592950246856 1621
32.655592950246856 1622
32.655592950246856 1623
32.655592950246856 1624
32.655592950246856 1625
32.655592950246856 1626
32.655592950246856 1627
32.655592950246856 1628
32.655592950246856 1629
32.655592950246856 1630
32.65559295024685 1631
32.65559295024685 1632
32.65559295024685 1633
32.65559295024685 1634
32.65559295024685 1635
32.65559295024685 1636
32.65559295024685 1637
32.65559295024685 1638
32.65559295024685 1639
32.65559295024685 1640
32.65559295024685 1641
32.65559295024685 1642
32.65559295024685 1643
32.65559295024685 1644
32.65559295024685 1645
32.65559295024685 1646
32.65559295024685 1647
32.65559295024685 1648
32.65559295024685 1649
32.65559295024685 1650
32.65559295024685 1651
32.65559295024685 1652
32.65559295024685 1653
32.65559295024685 1654
32.65559295024685 1655
32.65559295024685 1656
32.65559295024685 1657
32.65559295024685 1658
32.65559295024685 1659
32.65559295024685 1660
32.65559295024685 1661
32.65559295024685 1662
32.65559295024685 1663
32.65559295024685 1664
32.65559295024685 1665
32.65559295024685 1666
32.65559295024685 1667
32.65559295024685 1668
32.65559295024685 1669
32.65559295024685 1670
32.65559295024685 1671
32.65559295024685 1672
32.65559295024685 1673
32.65559295024685 1674
32.65559295024685 1675
32.65559295024685 1676
32.65559295024685 1677
32.65559295024685 1678
32.65559295024685 1679
32.65559295024685 1680
32.65559295024685 1681
32.65559295024685 1682
32.65559295024685 1683
32.65559295024685 1684
32.65559295024685 1685
32.65559295024685 1686
32.65559295024685 1687
32.65559295024685 1688
32.65559295024685 1689
32.65559295024685 1690
32.65559295024685 1691
32.65559295024685 1692
32.65559295024685 1693
32.65559295024685 1694
32.65559295024685 1695
32.65559295024685 1696
32.65559295024685 1697
32.65559295024685 1698
32.65559295024685 1699
32.65559295024685 1700
32.65559295024685 1701
32.65559295024685 1702
32.65559295024685 1703
32.65559295024685 1704
32.65559295024685 1705
32.65559295024685 1706
32.65559295024685 1707
32.65559295024685 1708
32.65559295024685 1709
32.65559295024685 1710
32.65559295024685 1711
32.65559295024685 1712
32.65559295024685 1713
32.65559295024685 1714
32.65559295024685 1715
32.65559295024685 1716
32.65559295024685 1717
32.65559295024685 1718
32.65559295024685 1719
32.65559295024685 1720
32.65559295024685 1721
32.65559295024685 1722
32.65559295024685 1723
32.65559295024685 1724
32.65559295024685 1725
32.65559295024685 1726
32.65559295024685 1727
32.65559295024685 1728
32.65559295024685 1729
32.65559295024685 1730
32.65559295024685 1731
32.65559295024685 1732
32.65559295024685 1733
32.65559295024685 1734
32.65559295024685 1735
32.65559295024685 1736
32.65559295024685 1737
32.65559295024685 1738
32.65559295024685 1739
32.65559295024685 1740
32.65559295024685 1741
32.65559295024685 1742
32.65559295024685 1743
32.65559295024685 1744
32.65559295024685 1745
32.65559295024685 1746
32.65559295024685 1747
32.65559295024685 1748
32.65559295024685 1749
32.65559295024685 1750
32.65559295024685 1751
32.65559295024685 1752
32.65559295024685 1753
32.65559295024685 1754
32.65559295024685 1755
32.65559295024685 1756
32.65559295024685 1757
32.65559295024685 1758
32.65559295024685 1759
32.65559295024685 1760
32.65559295024685 1761
32.65559295024685 1762
32.65559295024685 1763
32.65559295024685 1764
32.65559295024685 1765
32.65559295024685 1766
32.65559295024685 1767
32.65559295024685 1768
32.65559295024685 1769
32.65559295024685 1770
32.65559295024685 1771
32.65559295024685 1772
32.65559295024685 1773
32.65559295024685 1774
32.65559295024685 1775
32.65559295024685 1776
32.65559295024685 1777
32.65559295024685 1778
32.65559295024685 1779
32.65559295024685 1780
32.65559295024685 1781
32.65559295024685 1782
32.65559295024685 1783
32.65559295024685 1784
32.65559295024685 1785
