1.6344530034508562 0
8.394555685987156 1
0.529460560612396 2
2.362699610918836 3
0.15163760397110465 4
0.1821738303313919 5
0.37146857660046295 6
0.09320895500520696 7
0.09182380050895428 8
16.03336361556434 9
1.941261678798075 10
0.157421829402832 11
0.17879795358667117 12
0.3184112357671043 13
0.8409352640160347 15
0.4203521387140533 16
3.110536880759626 17
1.175949468999574 18
4.705631452497626 19
0.1034034327087269 22
1.0803085031051978 23
0.3062728840382745 24
0.09592310893684433 27
0.5132341404932819 28
0.15162310440794577 29
2.152863661157664 30
0.24509477379464095 31
0.1703872563748775 33
14.276491473202967 34
0.05774637526896645 35
0.14639139669292406 36
0.43418275345557106 37
2.7638857609691296 39
0.1343068941308855 41
0.2686176946371153 43
0.5566075446614822 48
0.07230330062214597 50
0.14625169761490275 51
0.0897107840749313 52
0.12207429342687408 55
0.3603353779767121 56
0.08962845647405343 57
0.08308852399817682 58
0.05505360792548626 60
0.06137775089010642 61
0.05586912883299357 62
0.14533825151041246 64
0.10070832438817606 65
0.11714215685261978 69
0.055768876799797314 71
0.08295971786103763 72
0.08541189086894846 73
0.0635323933290323 74
0.0588118093320063 75
0.06087667365407665 77
0.06288265901251205 81
0.06139184415775058 82
0.055889236783908856 87
0.062464505644598114 94
0.056518704816900425 95
0.05701101413692322 96
0.054977130537639085 99
0.0548074269959273 100
0.056399160310188566 101
0.06100734920098044 102
0.05473056152963726 103
0.06108375297775728 105
0.055145333315846555 113
0.055868394358740345 115
0.05544668804652071 119
0.05490375837791081 120
0.0539956682764382 122
0.05434467265670162 124
0.05394236074036585 126
0.05411382230361055 128
0.054550136643642194 129
0.05428461012302288 130
0.05400945465798308 134
0.05434914178822334 136
0.054198228121754975 137
0.053941834438028066 138
0.05435928783526418 139
0.0539416984023671 143
0.054580971688804776 145
0.05402245399825291 146
0.05405256934692518 148
0.05400852872801398 150
0.05394620341579438 151
0.05402652910674074 152
0.05395619286947093 155
0.05395619286947093 156
0.05395619286947093 157
0.05395619286947093 158
0.05395619286947093 159
0.05395619286947093 160
0.05395619286947093 161
0.05395619286947093 162
0.053951647530808736 163
0.053951647530808736 164
0.0539432700100341 165
0.0539432700100341 166
0.0539432700100341 167
0.0539432700100341 168
0.0539432700100341 169
0.0539432700100341 170
0.0539432700100341 171
0.0539432700100341 172
0.0539432700100341 173
0.0539432700100341 174
0.0539432700100341 175
0.0539432700100341 176
0.0539432700100341 177
0.0539432700100341 178
0.0539432700100341 179
0.0539432700100341 180
0.0539432700100341 181
0.0539432700100341 182
0.0539432700100341 183
0.0539432700100341 184
0.0539432700100341 185
0.0539432700100341 186
0.0539432700100341 187
0.0539432700100341 188
0.0539432700100341 189
0.0539432700100341 190
0.0539432700100341 191
0.0539432700100341 192
0.0539432700100341 193
0.0539432700100341 194
0.05394300866613187 195
0.05394289420700871 196
0.053942637319873504 197
0.053942637319873504 198
0.053942637319873504 199
0.05394216710193056 200
0.05394216710193056 201
0.05394210838286443 202
0.05394177814561245 203
0.05394177814561245 204
0.05394177814561245 205
0.05394177814561245 206
0.05394177814561245 207
0.05394177814561245 208
0.05394177814561245 209
0.05394177814561245 210
0.05394177814561245 211
0.05394177814561245 212
0.05394177814561245 213
0.05394177814561245 214
0.05394177814561245 215
0.05394177814561245 216
0.05394177814561245 217
0.05394177814561245 218
0.05394177814561245 219
0.05394177814561245 220
0.05394177814561245 221
0.05394177814561245 222
0.05394177814561245 223
0.05394177814561245 224
0.05394177814561245 225
0.05394176102427495 226
0.05394162703255789 227
0.05394162703255789 228
0.05394162703255789 229
0.05394162703255789 230
0.053941595810724746 231
0.053941595810724746 232
0.053941595810724746 233
0.053941595810724746 234
0.053941595810724746 235
0.053941595810724746 236
0.053941595810724746 237
0.05394155120344936 238
0.05394155120344936 239
0.05394155120344936 240
0.05394155120344936 241
0.05394155120344936 242
0.05394155120344936 243
0.05394155120344936 244
0.05394154999731106 245
0.05394154999731106 246
0.05394154999731106 247
0.053941541333134745 248
0.0539415318485216 249
0.0539415318485216 250
0.0539415318485216 251
0.0539415318485216 252
0.05394152962693125 253
0.05394152889866286 254
0.05394152716171272 255
0.053941520962390306 256
0.053941520962390306 257
0.053941519696010964 258
0.053941519696010964 259
0.05394151949022027 260
0.05394151902030875 261
0.05394151902030875 262
0.05394151902030875 263
0.05394151902030875 264
0.05394151902030875 265
0.05394151902030875 266
0.05394151902030875 267
0.05394151902030875 268
0.05394151902030875 269
0.05394151902030875 270
0.05394151902030875 271
0.05394151902030875 272
0.05394151902030875 273
0.05394151902030875 274
0.05394151902030875 275
0.05394151625076732 276
0.05394151625076732 277
0.05394151625076732 278
0.05394151625076732 279
0.05394151625076732 280
0.053941516245374556 281
0.053941516245374556 282
0.053941516245374556 283
0.053941515894446325 284
0.053941515336978704 285
0.053941515336978704 286
0.053941515336978704 287
0.053941515336978704 288
0.053941515336978704 289
0.053941515302431124 290
0.053941515302431124 291
0.053941515302431124 292
0.053941515302431124 293
0.053941515302431124 294
0.053941515302431124 295
0.053941515302431124 296
0.053941515302431124 297
0.053941515302431124 298
0.053941515302431124 299
0.053941515302431124 300
0.053941515302431124 301
0.053941515302431124 302
0.053941515302431124 303
0.053941515302431124 304
0.053941515302431124 305
0.053941515302431124 306
0.053941515302431124 307
0.053941515024753174 308
0.053941514483645474 309
0.053941514483645474 310
0.05394151430637732 311
0.05394151430637732 312
0.05394151430637732 313
0.05394151430637732 314
0.05394151430637732 315
0.05394151430637732 316
0.05394151430637732 317
0.05394151430637732 318
0.05394151430637732 319
0.05394151430637732 320
0.05394151430637732 321
0.05394151430637732 322
0.05394151430637732 323
0.05394151430637732 324
0.05394151430637732 325
0.053941514301899494 326
0.053941514301899494 327
0.053941514301899494 328
0.053941514301899494 329
0.05394151423997536 330
0.05394151423997536 331
0.053941514177118136 332
0.0539415140994836 333
0.0539415140994836 334
0.0539415140994836 335
0.0539415140994836 336
0.0539415140994836 337
0.0539415140994836 338
0.0539415140994836 339
0.0539415140994836 340
0.0539415140994836 341
0.0539415140994836 342
0.053941514083181916 343
0.053941514083181916 344
0.053941514083181916 345
0.053941514083181916 346
0.053941514083181916 347
0.053941514083181916 348
0.053941514083181916 349
0.053941514083181916 350
0.053941514083181916 351
0.053941514083181916 352
0.053941514066515026 353
0.053941514066515026 354
0.053941514066515026 355
0.053941514066515026 356
0.053941514066515026 357
0.053941514066515026 358
0.053941514066515026 359
0.05394151406464262 360
0.05394151406464262 361
0.05394151406464262 362
0.053941514059427126 363
0.053941514059427126 364
0.053941514059427126 365
0.053941514059427126 366
0.0539415140557948 367
0.0539415140557948 368
0.0539415140557948 369
0.05394151405552023 370
0.053941514052266014 371
0.05394151404829308 372
0.05394151404829308 373
0.05394151404829308 374
0.05394151404829308 375
0.05394151404829308 376
0.05394151404829308 377
0.05394151404829308 378
0.05394151404829308 379
0.05394151404829308 380
0.05394151404829308 381
0.05394151404829308 382
0.05394151404829308 383
0.05394151404829308 384
0.05394151404500992 385
0.05394151404500992 386
0.05394151404500992 387
0.05394151404500992 388
0.05394151404500992 389
0.05394151404500992 390
0.05394151404500992 391
0.05394151404500992 392
0.05394151404500992 393
0.05394151404500992 394
0.05394151404500992 395
0.05394151404500992 396
0.0539415140448809 397
0.053941514043652064 398
0.053941514043652064 399
0.053941514043652064 400
0.053941514043652064 401
0.053941514043652064 402
0.053941514043652064 403
0.053941514043652064 404
0.05394151404303017 405
0.05394151404303017 406
0.05394151404303017 407
0.05394151404303017 408
0.05394151404303017 409
0.05394151404303017 410
0.05394151404303017 411
0.05394151404276919 412
0.05394151404276919 413
0.05394151404243116 414
0.05394151404243116 415
0.05394151404243116 416
0.05394151404243116 417
0.05394151404243116 418
0.05394151404243116 419
0.05394151404243116 420
0.05394151404220378 421
0.0539415140421936 422
0.053941514042179776 423
0.053941514042084915 424
0.05394151404205433 425
0.0539415140420521 426
0.0539415140420521 427
0.05394151404202213 428
0.05394151404202213 429
0.05394151404202213 430
0.05394151404200112 431
0.053941514041953145 432
0.053941514041953145 433
0.053941514041953145 434
0.053941514041939774 435
0.053941514041939774 436
0.053941514041939774 437
0.053941514041939774 438
0.053941514041939774 439
0.053941514041939774 440
0.053941514041939774 441
0.05394151404193745 442
0.05394151404192708 443
0.05394151404191635 444
0.05394151404191635 445
0.05394151404191635 446
0.053941514041914385 447
0.053941514041914385 448
0.053941514041914385 449
0.053941514041914385 450
0.053941514041914385 451
0.053941514041914385 452
0.053941514041914385 453
0.053941514041914385 454
0.053941514041914385 455
0.053941514041914385 456
0.053941514041914385 457
0.05394151404191338 458
0.05394151404191247 459
0.05394151404191247 460
0.05394151404191247 461
0.05394151404191247 462
0.05394151404191247 463
0.05394151404191247 464
0.05394151404191129 465
0.05394151404191129 466
0.05394151404190276 467
0.05394151404190276 468
0.05394151404190276 469
0.05394151404190276 470
0.05394151404190276 471
0.05394151404190276 472
0.05394151404190276 473
0.05394151404190276 474
0.05394151404190276 475
0.05394151404190276 476
0.05394151404190276 477
0.05394151404190276 478
0.05394151404190276 479
0.05394151404190276 480
0.05394151404190276 481
0.05394151404190276 482
0.05394151404190276 483
0.05394151404190276 484
0.05394151404190276 485
0.05394151404190276 486
0.0539415140419002 487
0.0539415140419002 488
0.0539415140419002 489
0.05394151404189946 490
0.05394151404189895 491
0.05394151404189888 492
0.05394151404189888 493
0.05394151404189888 494
0.05394151404189888 495
0.05394151404189888 496
0.05394151404189888 497
0.05394151404189888 498
0.05394151404189888 499
0.05394151404189888 500
0.05394151404189888 501
0.05394151404189888 502
0.05394151404189888 503
0.05394151404189888 504
0.05394151404189888 505
0.05394151404189888 506
0.05394151404189888 507
0.05394151404189888 508
0.05394151404189888 509
0.05394151404189888 510
0.05394151404189888 511
0.05394151404189888 512
0.05394151404189888 513
0.05394151404189888 514
0.05394151404189888 515
0.05394151404189888 516
0.05394151404189888 517
0.05394151404189888 518
0.05394151404189888 519
0.053941514041898835 520
0.053941514041898835 521
0.053941514041898835 522
0.053941514041898744 523
0.05394151404189862 524
0.053941514041898335 525
0.053941514041898335 526
0.053941514041898335 527
0.05394151404189819 528
0.05394151404189802 529
0.05394151404189802 530
0.053941514041897995 531
0.053941514041897974 532
0.053941514041897974 533
0.053941514041897974 534
0.053941514041897974 535
0.053941514041897974 536
0.053941514041897974 537
0.053941514041897974 538
0.053941514041897926 539
0.053941514041897926 540
0.05394151404189788 541
0.05394151404189788 542
0.05394151404189788 543
0.05394151404189788 544
0.05394151404189788 545
0.05394151404189788 546
0.05394151404189788 547
0.05394151404189788 548
0.05394151404189788 549
0.05394151404189788 550
0.05394151404189788 551
0.05394151404189788 552
0.05394151404189788 553
0.05394151404189788 554
0.05394151404189788 555
0.05394151404189788 556
0.05394151404189788 557
0.05394151404189788 558
0.05394151404189788 559
0.05394151404189788 560
0.05394151404189788 561
0.05394151404189788 562
0.05394151404189788 563
0.05394151404189788 564
0.05394151404189788 565
0.05394151404189788 566
0.05394151404189788 567
0.05394151404189788 568
0.05394151404189788 569
0.05394151404189788 570
0.05394151404189788 571
0.053941514041897856 572
0.053941514041897856 573
0.053941514041897856 574
0.053941514041897856 575
0.05394151404189783 576
0.05394151404189783 577
0.05394151404189783 578
0.05394151404189783 579
0.05394151404189783 580
0.05394151404189783 581
0.05394151404189783 582
0.05394151404189783 583
0.05394151404189783 584
0.05394151404189783 585
0.05394151404189783 586
0.05394151404189783 587
0.05394151404189783 588
0.05394151404189783 589
0.05394151404189783 590
0.05394151404189783 591
0.05394151404189783 592
0.05394151404189783 593
0.05394151404189783 594
0.05394151404189783 595
0.05394151404189783 596
0.05394151404189783 597
0.05394151404189783 598
0.05394151404189783 599
0.05394151404189783 600
0.05394151404189783 601
0.05394151404189783 602
0.05394151404189783 603
0.05394151404189783 604
0.05394151404189783 605
0.05394151404189783 606
0.05394151404189783 607
0.05394151404189783 608
0.05394151404189783 609
0.05394151404189783 610
0.05394151404189783 611
0.05394151404189783 612
0.05394151404189783 613
0.05394151404189783 614
0.05394151404189783 615
0.05394151404189783 616
0.05394151404189783 617
0.05394151404189783 618
0.05394151404189783 619
0.05394151404189783 620
0.05394151404189783 621
0.05394151404189783 622
0.05394151404189783 623
0.05394151404189783 624
0.05394151404189783 625
0.05394151404189783 626
0.05394151404189783 627
0.05394151404189783 628
0.05394151404189783 629
0.05394151404189783 630
0.05394151404189783 631
0.05394151404189783 632
0.05394151404189783 633
0.05394151404189783 634
0.05394151404189783 635
0.05394151404189783 636
0.05394151404189783 637
0.05394151404189783 638
0.05394151404189783 639
0.05394151404189783 640
0.05394151404189783 641
0.05394151404189783 642
0.05394151404189783 643
0.05394151404189783 644
0.05394151404189783 645
0.05394151404189783 646
0.05394151404189783 647
0.05394151404189783 648
0.05394151404189783 649
0.05394151404189783 650
0.05394151404189783 651
0.05394151404189783 652
0.05394151404189783 653
0.05394151404189783 654
0.05394151404189783 655
0.05394151404189783 656
0.05394151404189783 657
0.05394151404189783 658
0.05394151404189783 659
0.05394151404189783 660
0.05394151404189783 661
0.05394151404189783 662
0.05394151404189783 663
0.05394151404189783 664
0.05394151404189783 665
0.05394151404189783 666
0.05394151404189783 667
0.05394151404189783 668
0.05394151404189783 669
0.05394151404189783 670
0.05394151404189783 671
0.05394151404189783 672
0.05394151404189783 673
0.05394151404189783 674
0.05394151404189783 675
0.05394151404189783 676
0.05394151404189783 677
0.05394151404189783 678
0.05394151404189783 679
0.05394151404189783 680
0.05394151404189783 681
0.05394151404189783 682
0.05394151404189783 683
0.05394151404189783 684
0.05394151404189783 685
0.05394151404189783 686
0.05394151404189783 687
0.05394151404189783 688
0.05394151404189783 689
0.05394151404189783 690
0.05394151404189783 691
0.05394151404189783 692
0.05394151404189783 693
0.05394151404189783 694
0.05394151404189783 695
0.05394151404189783 696
0.05394151404189783 697
0.05394151404189783 698
0.05394151404189783 699
0.05394151404189783 700
0.05394151404189783 701
0.05394151404189783 702
0.05394151404189783 703
0.05394151404189783 704
0.05394151404189783 705
0.05394151404189783 706
0.05394151404189783 707
0.05394151404189783 708
0.05394151404189783 709
0.05394151404189783 710
0.05394151404189783 711
0.05394151404189783 712
0.05394151404189783 713
0.05394151404189783 714
0.05394151404189783 715
0.05394151404189783 716
0.05394151404189783 717
0.05394151404189783 718
0.05394151404189783 719
0.05394151404189783 720
0.05394151404189783 721
0.05394151404189783 722
0.05394151404189783 723
0.05394151404189783 724
0.05394151404189783 725
0.05394151404189783 726
0.05394151404189783 727
0.05394151404189783 728
0.05394151404189783 729
0.05394151404189783 730
0.05394151404189783 731
0.05394151404189783 732
0.05394151404189783 733
0.05394151404189783 734
0.05394151404189783 735
0.05394151404189783 736
0.05394151404189783 737
0.05394151404189783 738
0.05394151404189783 739
0.05394151404189783 740
0.05394151404189783 741
0.05394151404189783 742
0.05394151404189783 743
0.05394151404189783 744
0.05394151404189783 745
0.05394151404189783 746
0.05394151404189783 747
0.05394151404189783 748
0.05394151404189783 749
0.05394151404189783 750
0.05394151404189783 751
0.05394151404189783 752
0.05394151404189783 753
0.05394151404189783 754
0.05394151404189783 755
0.05394151404189783 756
0.05394151404189783 757
0.05394151404189783 758
0.05394151404189783 759
0.05394151404189783 760
0.05394151404189783 761
0.05394151404189783 762
0.05394151404189783 763
0.05394151404189783 764
0.05394151404189783 765
0.05394151404189783 766
0.05394151404189783 767
0.05394151404189783 768
0.05394151404189783 769
0.05394151404189783 770
0.05394151404189783 771
0.05394151404189783 772
0.05394151404189783 773
0.05394151404189783 774
0.05394151404189783 775
0.05394151404189783 776
0.05394151404189783 777
0.05394151404189783 778
0.05394151404189783 779
0.05394151404189783 780
0.05394151404189783 781
0.05394151404189783 782
0.05394151404189783 783
0.05394151404189783 784
0.05394151404189783 785
0.05394151404189783 786
0.05394151404189783 787
0.05394151404189783 788
0.05394151404189783 789
0.05394151404189783 790
0.05394151404189783 791
0.05394151404189783 792
0.05394151404189783 793
0.05394151404189783 794
0.05394151404189783 795
0.05394151404189783 796
0.05394151404189783 797
0.05394151404189783 798
0.05394151404189783 799
0.05394151404189783 800
0.05394151404189783 801
0.05394151404189783 802
0.05394151404189783 803
0.05394151404189783 804
0.05394151404189783 805
0.05394151404189783 806
0.05394151404189783 807
0.05394151404189783 808
0.05394151404189783 809
0.05394151404189783 810
0.05394151404189783 811
0.05394151404189783 812
0.05394151404189783 813
0.05394151404189783 814
0.05394151404189783 815
0.05394151404189783 816
0.05394151404189783 817
0.05394151404189783 818
0.05394151404189783 819
0.05394151404189783 820
0.05394151404189783 821
0.05394151404189783 822
0.05394151404189783 823
0.05394151404189783 824
0.05394151404189783 825
0.05394151404189783 826
0.05394151404189783 827
0.05394151404189783 828
0.05394151404189783 829
0.05394151404189783 830
0.05394151404189783 831
0.05394151404189783 832
0.05394151404189783 833
0.05394151404189783 834
0.05394151404189783 835
0.05394151404189783 836
0.05394151404189783 837
0.05394151404189783 838
0.05394151404189783 839
0.05394151404189783 840
0.05394151404189783 841
0.05394151404189783 842
0.05394151404189783 843
0.05394151404189783 844
0.05394151404189783 845
0.05394151404189783 846
0.05394151404189783 847
0.05394151404189783 848
0.05394151404189783 849
0.05394151404189783 850
0.05394151404189783 851
0.05394151404189783 852
0.05394151404189783 853
0.05394151404189783 854
0.05394151404189783 855
0.05394151404189783 856
0.05394151404189783 857
0.05394151404189783 858
0.05394151404189783 859
0.05394151404189783 860
0.05394151404189783 861
0.05394151404189783 862
0.05394151404189783 863
0.05394151404189783 864
0.05394151404189783 865
0.05394151404189783 866
0.05394151404189783 867
0.05394151404189783 868
0.05394151404189783 869
0.05394151404189783 870
0.05394151404189783 871
0.05394151404189783 872
0.05394151404189783 873
0.05394151404189783 874
0.05394151404189783 875
0.05394151404189783 876
0.05394151404189783 877
0.05394151404189783 878
0.05394151404189783 879
0.05394151404189783 880
0.05394151404189783 881
0.05394151404189783 882
0.05394151404189783 883
0.05394151404189783 884
0.05394151404189783 885
0.05394151404189783 886
0.05394151404189783 887
0.05394151404189783 888
0.05394151404189783 889
0.05394151404189783 890
0.05394151404189783 891
0.05394151404189783 892
0.05394151404189783 893
0.05394151404189783 894
0.05394151404189783 895
0.05394151404189783 896
0.05394151404189783 897
0.05394151404189783 898
0.05394151404189783 899
0.05394151404189783 900
0.05394151404189783 901
0.05394151404189783 902
0.05394151404189783 903
0.05394151404189783 904
0.05394151404189783 905
0.05394151404189783 906
0.05394151404189783 907
0.05394151404189783 908
0.05394151404189783 909
0.05394151404189783 910
0.05394151404189783 911
0.05394151404189783 912
0.05394151404189783 913
0.05394151404189783 914
0.05394151404189783 915
0.05394151404189783 916
0.05394151404189783 917
0.05394151404189783 918
0.05394151404189783 919
0.05394151404189783 920
0.05394151404189783 921
0.05394151404189783 922
0.05394151404189783 923
0.05394151404189783 924
0.05394151404189783 925
0.05394151404189783 926
0.05394151404189783 927
0.05394151404189783 928
0.05394151404189783 929
0.05394151404189783 930
0.05394151404189783 931
0.05394151404189783 932
0.05394151404189783 933
0.05394151404189783 934
0.05394151404189783 935
0.05394151404189783 936
0.05394151404189783 937
0.05394151404189783 938
0.05394151404189783 939
0.05394151404189783 940
0.05394151404189783 941
0.05394151404189783 942
0.05394151404189783 943
0.05394151404189783 944
0.05394151404189783 945
0.05394151404189783 946
0.05394151404189783 947
0.05394151404189783 948
0.05394151404189783 949
0.05394151404189783 950
0.05394151404189783 951
0.05394151404189783 952
0.05394151404189783 953
0.05394151404189783 954
0.05394151404189783 955
0.05394151404189783 956
0.05394151404189783 957
0.05394151404189783 958
0.05394151404189783 959
0.05394151404189783 960
0.05394151404189783 961
0.05394151404189783 962
0.05394151404189783 963
0.05394151404189783 964
0.05394151404189783 965
0.05394151404189783 966
0.05394151404189783 967
0.05394151404189783 968
0.05394151404189783 969
0.05394151404189783 970
0.05394151404189783 971
0.05394151404189783 972
0.05394151404189783 973
0.05394151404189783 974
0.05394151404189783 975
0.05394151404189783 976
0.05394151404189783 977
0.05394151404189783 978
0.05394151404189783 979
0.05394151404189783 980
0.05394151404189783 981
0.05394151404189783 982
0.05394151404189783 983
0.05394151404189783 984
0.05394151404189783 985
0.05394151404189783 986
0.05394151404189783 987
0.05394151404189783 988
0.05394151404189783 989
0.05394151404189783 990
0.05394151404189783 991
0.05394151404189783 992
0.05394151404189783 993
0.05394151404189783 994
0.05394151404189783 995
0.05394151404189783 996
0.05394151404189783 997
0.05394151404189783 998
0.05394151404189783 999
0.05394151404189783 1000
0.05394151404189783 1001
0.05394151404189783 1002
0.05394151404189783 1003
0.05394151404189783 1004
0.05394151404189783 1005
0.05394151404189783 1006
0.05394151404189783 1007
0.05394151404189783 1008
0.05394151404189783 1009
0.05394151404189783 1010
0.05394151404189783 1011
0.05394151404189783 1012
0.05394151404189783 1013
0.05394151404189783 1014
0.05394151404189783 1015
0.05394151404189783 1016
0.05394151404189783 1017
0.05394151404189783 1018
0.05394151404189783 1019
0.05394151404189783 1020
0.05394151404189783 1021
0.05394151404189783 1022
0.05394151404189783 1023
0.05394151404189783 1024
0.05394151404189783 1025
0.05394151404189783 1026
0.05394151404189783 1027
0.05394151404189783 1028
0.05394151404189783 1029
0.05394151404189783 1030
0.05394151404189783 1031
0.05394151404189783 1032
0.05394151404189783 1033
0.05394151404189783 1034
0.05394151404189783 1035
0.05394151404189783 1036
0.05394151404189783 1037
0.05394151404189783 1038
0.05394151404189783 1039
0.05394151404189783 1040
0.05394151404189783 1041
0.05394151404189783 1042
0.05394151404189783 1043
0.05394151404189783 1044
0.05394151404189783 1045
0.05394151404189783 1046
0.05394151404189783 1047
0.05394151404189783 1048
0.05394151404189783 1049
0.05394151404189783 1050
0.05394151404189783 1051
0.05394151404189783 1052
0.05394151404189783 1053
0.05394151404189783 1054
0.05394151404189783 1055
0.05394151404189783 1056
0.05394151404189783 1057
0.05394151404189783 1058
0.05394151404189783 1059
0.05394151404189783 1060
0.05394151404189783 1061
0.05394151404189783 1062
0.05394151404189783 1063
0.05394151404189783 1064
0.05394151404189783 1065
0.05394151404189783 1066
0.05394151404189783 1067
0.05394151404189783 1068
0.05394151404189783 1069
0.05394151404189783 1070
0.05394151404189783 1071
0.05394151404189783 1072
0.05394151404189783 1073
0.05394151404189783 1074
0.05394151404189783 1075
0.05394151404189783 1076
0.05394151404189783 1077
0.05394151404189783 1078
0.05394151404189783 1079
0.05394151404189783 1080
0.05394151404189783 1081
0.05394151404189783 1082
0.05394151404189783 1083
0.05394151404189783 1084
0.05394151404189783 1085
0.05394151404189783 1086
0.05394151404189783 1087
0.05394151404189783 1088
0.05394151404189783 1089
0.05394151404189783 1090
0.05394151404189783 1091
0.05394151404189783 1092
0.05394151404189783 1093
0.05394151404189783 1094
0.05394151404189783 1095
0.05394151404189783 1096
0.05394151404189783 1097
0.05394151404189783 1098
0.05394151404189783 1099
0.05394151404189783 1100
0.05394151404189783 1101
0.05394151404189783 1102
0.05394151404189783 1103
0.05394151404189783 1104
0.05394151404189783 1105
0.05394151404189783 1106
0.05394151404189783 1107
0.05394151404189783 1108
0.05394151404189783 1109
0.05394151404189783 1110
0.05394151404189783 1111
0.05394151404189783 1112
0.05394151404189783 1113
0.05394151404189783 1114
0.05394151404189783 1115
0.05394151404189783 1116
0.05394151404189783 1117
0.05394151404189783 1118
0.05394151404189783 1119
0.05394151404189783 1120
0.05394151404189783 1121
0.05394151404189783 1122
0.05394151404189783 1123
0.05394151404189783 1124
0.05394151404189783 1125
0.05394151404189783 1126
0.05394151404189783 1127
0.05394151404189783 1128
0.05394151404189783 1129
0.05394151404189783 1130
0.05394151404189783 1131
0.05394151404189783 1132
0.05394151404189783 1133
0.05394151404189783 1134
0.05394151404189783 1135
0.05394151404189783 1136
0.05394151404189783 1137
0.05394151404189783 1138
0.05394151404189783 1139
0.05394151404189783 1140
0.05394151404189783 1141
0.05394151404189783 1142
0.05394151404189783 1143
0.05394151404189783 1144
0.05394151404189783 1145
0.05394151404189783 1146
0.05394151404189783 1147
0.05394151404189783 1148
0.05394151404189783 1149
0.05394151404189783 1150
0.05394151404189783 1151
0.05394151404189783 1152
0.05394151404189783 1153
0.05394151404189783 1154
0.05394151404189783 1155
0.05394151404189783 1156
0.05394151404189783 1157
0.05394151404189783 1158
0.05394151404189783 1159
0.05394151404189783 1160
0.05394151404189783 1161
0.05394151404189783 1162
0.05394151404189783 1163
0.05394151404189783 1164
0.05394151404189783 1165
0.05394151404189783 1166
0.05394151404189783 1167
0.05394151404189783 1168
0.05394151404189783 1169
0.05394151404189783 1170
0.05394151404189783 1171
0.05394151404189783 1172
0.05394151404189783 1173
0.05394151404189783 1174
0.05394151404189783 1175
0.05394151404189783 1176
0.05394151404189783 1177
0.05394151404189783 1178
0.05394151404189783 1179
0.05394151404189783 1180
0.05394151404189783 1181
0.05394151404189783 1182
0.05394151404189783 1183
0.05394151404189783 1184
0.05394151404189783 1185
0.05394151404189783 1186
0.05394151404189783 1187
0.05394151404189783 1188
0.05394151404189783 1189
0.05394151404189783 1190
0.05394151404189783 1191
0.05394151404189783 1192
0.05394151404189783 1193
0.05394151404189783 1194
0.05394151404189783 1195
0.05394151404189783 1196
0.05394151404189783 1197
0.05394151404189783 1198
0.05394151404189783 1199
0.05394151404189783 1200
0.05394151404189783 1201
0.05394151404189783 1202
0.05394151404189783 1203
0.05394151404189783 1204
0.05394151404189783 1205
0.05394151404189783 1206
0.05394151404189783 1207
0.05394151404189783 1208
0.05394151404189783 1209
0.05394151404189783 1210
0.05394151404189783 1211
0.05394151404189783 1212
0.05394151404189783 1213
0.05394151404189783 1214
0.05394151404189783 1215
0.05394151404189783 1216
0.05394151404189783 1217
0.05394151404189783 1218
0.05394151404189783 1219
0.05394151404189783 1220
0.05394151404189783 1221
0.05394151404189783 1222
0.05394151404189783 1223
0.05394151404189783 1224
0.05394151404189783 1225
0.05394151404189783 1226
0.05394151404189783 1227
0.05394151404189783 1228
0.05394151404189783 1229
0.05394151404189783 1230
0.05394151404189783 1231
0.05394151404189783 1232
0.05394151404189783 1233
0.05394151404189783 1234
0.05394151404189783 1235
0.05394151404189783 1236
0.05394151404189783 1237
0.05394151404189783 1238
0.05394151404189783 1239
0.05394151404189783 1240
0.05394151404189783 1241
0.05394151404189783 1242
0.05394151404189783 1243
0.05394151404189783 1244
0.05394151404189783 1245
0.05394151404189783 1246
0.05394151404189783 1247
0.05394151404189783 1248
0.05394151404189783 1249
0.05394151404189783 1250
0.05394151404189783 1251
0.05394151404189783 1252
0.05394151404189783 1253
0.05394151404189783 1254
0.05394151404189783 1255
0.05394151404189783 1256
0.05394151404189783 1257
0.05394151404189783 1258
0.05394151404189783 1259
0.05394151404189783 1260
0.05394151404189783 1261
0.05394151404189783 1262
0.05394151404189783 1263
0.05394151404189783 1264
0.05394151404189783 1265
0.05394151404189783 1266
0.05394151404189783 1267
0.05394151404189783 1268
0.05394151404189783 1269
0.05394151404189783 1270
0.05394151404189783 1271
0.05394151404189783 1272
0.05394151404189783 1273
0.05394151404189783 1274
0.05394151404189783 1275
0.05394151404189783 1276
0.05394151404189783 1277
0.05394151404189783 1278
0.05394151404189783 1279
0.05394151404189783 1280
0.05394151404189783 1281
0.05394151404189783 1282
0.05394151404189783 1283
0.05394151404189783 1284
0.05394151404189783 1285
0.05394151404189783 1286
0.05394151404189783 1287
0.05394151404189783 1288
0.05394151404189783 1289
0.05394151404189783 1290
0.05394151404189783 1291
0.05394151404189783 1292
0.05394151404189783 1293
0.05394151404189783 1294
0.05394151404189783 1295
0.05394151404189783 1296
0.05394151404189783 1297
0.05394151404189783 1298
0.05394151404189783 1299
0.05394151404189783 1300
0.05394151404189783 1301
0.05394151404189783 1302
0.05394151404189783 1303
0.05394151404189783 1304
0.05394151404189783 1305
0.05394151404189783 1306
0.05394151404189783 1307
0.05394151404189783 1308
0.05394151404189783 1309
0.05394151404189783 1310
0.05394151404189783 1311
0.05394151404189783 1312
0.05394151404189783 1313
0.05394151404189783 1314
0.05394151404189783 1315
0.05394151404189783 1316
0.05394151404189783 1317
0.05394151404189783 1318
0.05394151404189783 1319
0.05394151404189783 1320
0.05394151404189783 1321
0.05394151404189783 1322
0.05394151404189783 1323
0.05394151404189783 1324
0.05394151404189783 1325
0.05394151404189783 1326
0.05394151404189783 1327
0.05394151404189783 1328
0.05394151404189783 1329
0.05394151404189783 1330
0.05394151404189783 1331
0.05394151404189783 1332
0.05394151404189783 1333
0.05394151404189783 1334
0.05394151404189783 1335
0.05394151404189783 1336
0.05394151404189783 1337
0.05394151404189783 1338
0.05394151404189783 1339
0.05394151404189783 1340
0.05394151404189783 1341
0.05394151404189783 1342
0.05394151404189783 1343
0.05394151404189783 1344
0.05394151404189783 1345
0.05394151404189783 1346
0.05394151404189783 1347
0.05394151404189783 1348
0.05394151404189783 1349
0.05394151404189783 1350
0.05394151404189783 1351
0.05394151404189783 1352
0.05394151404189783 1353
0.05394151404189783 1354
0.05394151404189783 1355
0.05394151404189783 1356
0.05394151404189783 1357
0.05394151404189783 1358
0.05394151404189783 1359
0.05394151404189783 1360
0.05394151404189783 1361
0.05394151404189783 1362
0.05394151404189783 1363
0.05394151404189783 1364
0.05394151404189783 1365
0.05394151404189783 1366
0.05394151404189783 1367
0.05394151404189783 1368
0.05394151404189783 1369
0.05394151404189783 1370
0.05394151404189783 1371
0.05394151404189783 1372
0.05394151404189783 1373
0.05394151404189783 1374
0.05394151404189783 1375
0.05394151404189783 1376
0.05394151404189783 1377
0.05394151404189783 1378
0.05394151404189783 1379
0.05394151404189783 1380
0.05394151404189783 1381
0.05394151404189783 1382
0.05394151404189783 1383
0.05394151404189783 1384
0.05394151404189783 1385
0.05394151404189783 1386
0.05394151404189783 1387
0.05394151404189783 1388
0.05394151404189783 1389
0.05394151404189783 1390
0.05394151404189783 1391
0.05394151404189783 1392
0.05394151404189783 1393
0.05394151404189783 1394
0.05394151404189783 1395
0.05394151404189783 1396
0.05394151404189783 1397
0.05394151404189783 1398
0.05394151404189783 1399
0.05394151404189783 1400
0.05394151404189783 1401
0.05394151404189783 1402
0.05394151404189783 1403
0.05394151404189783 1404
0.05394151404189783 1405
0.05394151404189783 1406
0.05394151404189783 1407
0.05394151404189783 1408
0.05394151404189783 1409
0.05394151404189783 1410
0.05394151404189783 1411
0.05394151404189783 1412
0.05394151404189783 1413
0.05394151404189783 1414
0.05394151404189783 1415
0.05394151404189783 1416
0.05394151404189783 1417
0.05394151404189783 1418
0.05394151404189783 1419
0.05394151404189783 1420
0.05394151404189783 1421
0.05394151404189783 1422
0.05394151404189783 1423
0.05394151404189783 1424
0.05394151404189783 1425
0.05394151404189783 1426
0.05394151404189783 1427
0.05394151404189783 1428
0.05394151404189783 1429
0.05394151404189783 1430
0.05394151404189783 1431
0.05394151404189783 1432
0.05394151404189783 1433
0.05394151404189783 1434
0.05394151404189783 1435
0.05394151404189783 1436
0.05394151404189783 1437
0.05394151404189783 1438
0.05394151404189783 1439
0.05394151404189783 1440
0.05394151404189783 1441
0.05394151404189783 1442
0.05394151404189783 1443
0.05394151404189783 1444
0.05394151404189783 1445
0.05394151404189783 1446
0.05394151404189783 1447
0.05394151404189783 1448
0.05394151404189783 1449
0.05394151404189783 1450
0.05394151404189783 1451
0.05394151404189783 1452
0.05394151404189783 1453
0.05394151404189783 1454
0.05394151404189783 1455
0.05394151404189783 1456
0.05394151404189783 1457
0.05394151404189783 1458
0.05394151404189783 1459
0.05394151404189783 1460
0.05394151404189783 1461
0.05394151404189783 1462
0.05394151404189783 1463
0.05394151404189783 1464
0.05394151404189783 1465
0.05394151404189783 1466
0.05394151404189783 1467
0.05394151404189783 1468
0.05394151404189783 1469
0.05394151404189783 1470
0.05394151404189783 1471
0.05394151404189783 1472
0.05394151404189783 1473
0.05394151404189783 1474
0.05394151404189783 1475
0.05394151404189783 1476
0.05394151404189783 1477
0.05394151404189783 1478
0.05394151404189783 1479
0.05394151404189783 1480
0.05394151404189783 1481
0.05394151404189783 1482
0.05394151404189783 1483
0.05394151404189783 1484
0.05394151404189783 1485
0.05394151404189783 1486
0.05394151404189783 1487
0.05394151404189783 1488
0.05394151404189783 1489
0.05394151404189783 1490
0.05394151404189783 1491
0.05394151404189783 1492
0.05394151404189783 1493
0.05394151404189783 1494
0.05394151404189783 1495
0.05394151404189783 1496
0.05394151404189783 1497
0.05394151404189783 1498
0.05394151404189783 1499
0.05394151404189783 1500
0.05394151404189783 1501
0.05394151404189783 1502
0.05394151404189783 1503
0.05394151404189783 1504
0.05394151404189783 1505
0.05394151404189783 1506
0.05394151404189783 1507
0.05394151404189783 1508
0.05394151404189783 1509
0.05394151404189783 1510
0.05394151404189783 1511
0.05394151404189783 1512
0.05394151404189783 1513
0.05394151404189783 1514
0.05394151404189783 1515
0.05394151404189783 1516
0.05394151404189783 1517
0.05394151404189783 1518
0.05394151404189783 1519
0.05394151404189783 1520
0.05394151404189783 1521
0.05394151404189783 1522
0.05394151404189783 1523
0.05394151404189783 1524
0.05394151404189783 1525
0.05394151404189783 1526
0.05394151404189783 1527
0.05394151404189783 1528
0.05394151404189783 1529
0.05394151404189783 1530
0.05394151404189783 1531
0.05394151404189783 1532
0.05394151404189783 1533
0.05394151404189783 1534
0.05394151404189783 1535
0.05394151404189783 1536
0.05394151404189783 1537
0.05394151404189783 1538
0.05394151404189783 1539
0.05394151404189783 1540
0.05394151404189783 1541
0.05394151404189783 1542
0.05394151404189783 1543
0.05394151404189783 1544
0.05394151404189783 1545
0.05394151404189783 1546
0.05394151404189783 1547
0.05394151404189783 1548
0.05394151404189783 1549
0.05394151404189783 1550
0.05394151404189783 1551
0.05394151404189783 1552
0.05394151404189783 1553
0.05394151404189783 1554
0.05394151404189783 1555
0.05394151404189783 1556
0.05394151404189783 1557
0.05394151404189783 1558
0.05394151404189783 1559
0.05394151404189783 1560
0.05394151404189783 1561
0.05394151404189783 1562
0.05394151404189783 1563
0.05394151404189783 1564
0.05394151404189783 1565
0.05394151404189783 1566
0.05394151404189783 1567
0.05394151404189783 1568
0.05394151404189783 1569
0.05394151404189783 1570
0.05394151404189783 1571
0.05394151404189783 1572
0.05394151404189783 1573
0.05394151404189783 1574
0.05394151404189783 1575
0.05394151404189783 1576
0.05394151404189783 1577
0.05394151404189783 1578
0.05394151404189783 1579
0.05394151404189783 1580
0.05394151404189783 1581
0.05394151404189783 1582
0.05394151404189783 1583
0.05394151404189783 1584
0.05394151404189783 1585
0.05394151404189783 1586
0.05394151404189783 1587
0.05394151404189783 1588
0.05394151404189783 1589
0.05394151404189783 1590
0.05394151404189783 1591
0.05394151404189783 1592
0.05394151404189783 1593
0.05394151404189783 1594
0.05394151404189783 1595
0.05394151404189783 1596
0.05394151404189783 1597
0.05394151404189783 1598
0.05394151404189783 1599
0.05394151404189783 1600
0.05394151404189783 1601
0.05394151404189783 1602
0.05394151404189783 1603
0.05394151404189783 1604
0.05394151404189783 1605
0.05394151404189783 1606
0.05394151404189783 1607
0.05394151404189783 1608
0.05394151404189783 1609
0.05394151404189783 1610
0.05394151404189783 1611
0.05394151404189783 1612
0.05394151404189783 1613
0.05394151404189783 1614
0.05394151404189783 1615
0.05394151404189783 1616
0.05394151404189783 1617
0.05394151404189783 1618
0.05394151404189783 1619
0.05394151404189783 1620
0.05394151404189783 1621
0.05394151404189783 1622
0.05394151404189783 1623
0.05394151404189783 1624
0.05394151404189783 1625
0.05394151404189783 1626
0.05394151404189783 1627
0.05394151404189783 1628
0.05394151404189783 1629
0.05394151404189783 1630
0.05394151404189783 1631
0.05394151404189783 1632
0.05394151404189783 1633
0.05394151404189783 1634
0.05394151404189783 1635
0.05394151404189783 1636
0.05394151404189783 1637
0.05394151404189783 1638
0.05394151404189783 1639
0.05394151404189783 1640
0.05394151404189783 1641
0.05394151404189783 1642
0.05394151404189783 1643
0.05394151404189783 1644
0.05394151404189783 1645
0.05394151404189783 1646
0.05394151404189783 1647
0.05394151404189783 1648
0.05394151404189783 1649
0.05394151404189783 1650
0.05394151404189783 1651
0.05394151404189783 1652
0.05394151404189783 1653
0.05394151404189783 1654
0.05394151404189783 1655
0.05394151404189783 1656
0.05394151404189783 1657
0.05394151404189783 1658
0.05394151404189783 1659
0.05394151404189783 1660
0.05394151404189783 1661
0.05394151404189783 1662
0.05394151404189783 1663
0.05394151404189783 1664
0.05394151404189783 1665
0.05394151404189783 1666
0.05394151404189783 1667
0.05394151404189783 1668
0.05394151404189783 1669
0.05394151404189783 1670
0.05394151404189783 1671
0.05394151404189783 1672
0.05394151404189783 1673
0.05394151404189783 1674
0.05394151404189783 1675
0.05394151404189783 1676
0.05394151404189783 1677
0.05394151404189783 1678
0.05394151404189783 1679
0.05394151404189783 1680
0.05394151404189783 1681
0.05394151404189783 1682
0.05394151404189783 1683
0.05394151404189783 1684
0.05394151404189783 1685
0.05394151404189783 1686
0.05394151404189783 1687
0.05394151404189783 1688
0.05394151404189783 1689
0.05394151404189783 1690
0.05394151404189783 1691
0.05394151404189783 1692
0.05394151404189783 1693
0.05394151404189783 1694
0.05394151404189783 1695
0.05394151404189783 1696
0.05394151404189783 1697
0.05394151404189783 1698
0.05394151404189783 1699
0.05394151404189783 1700
0.05394151404189783 1701
0.05394151404189783 1702
0.05394151404189783 1703
0.05394151404189783 1704
0.05394151404189783 1705
0.05394151404189783 1706
0.05394151404189783 1707
0.05394151404189783 1708
0.05394151404189783 1709
0.05394151404189783 1710
0.05394151404189783 1711
0.05394151404189783 1712
0.05394151404189783 1713
0.05394151404189783 1714
0.05394151404189783 1715
0.05394151404189783 1716
0.05394151404189783 1717
0.05394151404189783 1718
0.05394151404189783 1719
0.05394151404189783 1720
0.05394151404189783 1721
0.05394151404189783 1722
0.05394151404189783 1723
0.05394151404189783 1724
0.05394151404189783 1725
0.05394151404189783 1726
0.05394151404189783 1727
0.05394151404189783 1728
0.05394151404189783 1729
0.05394151404189783 1730
0.05394151404189783 1731
0.05394151404189783 1732
0.05394151404189783 1733
0.05394151404189783 1734
0.05394151404189783 1735
0.05394151404189783 1736
0.05394151404189783 1737
0.05394151404189783 1738
0.05394151404189783 1739
0.05394151404189783 1740
0.05394151404189783 1741
0.05394151404189783 1742
0.05394151404189783 1743
0.05394151404189783 1744
0.05394151404189783 1745
0.05394151404189783 1746
0.05394151404189783 1747
0.05394151404189783 1748
0.05394151404189783 1749
0.05394151404189783 1750
0.05394151404189783 1751
0.05394151404189783 1752
0.05394151404189783 1753
0.05394151404189783 1754
0.05394151404189783 1755
0.05394151404189783 1756
0.05394151404189783 1757
0.05394151404189783 1758
0.05394151404189783 1759
0.05394151404189783 1760
0.05394151404189783 1761
0.05394151404189783 1762
0.05394151404189783 1763
0.05394151404189783 1764
0.05394151404189783 1765
0.05394151404189783 1766
0.05394151404189783 1767
0.05394151404189783 1768
0.05394151404189783 1769
0.05394151404189783 1770
0.05394151404189783 1771
0.05394151404189783 1772
0.05394151404189783 1773
0.05394151404189783 1774
0.05394151404189783 1775
0.05394151404189783 1776
0.05394151404189783 1777
0.05394151404189783 1778
0.05394151404189783 1779
0.05394151404189783 1780
0.05394151404189783 1781
0.05394151404189783 1782
0.05394151404189783 1783
0.05394151404189783 1784
0.05394151404189783 1785
