13596.48061080989 0
10940.380507587317 1
7987.69764504088 2
8292.205009550762 3
9346.213063746234 4
16381.098762402607 5
15855.951377766321 6
15543.42165533236 7
14381.91311119761 8
14433.676002190568 11
7908.997258976752 12
7823.388105426637 13
9210.78070269003 14
9080.315816446495 18
7193.708390975665 32
8845.055872947945 39
9693.357029079321 40
15225.976705640855 42
15225.976705640855 43
15225.976705640855 44
15225.976705640855 45
15225.976705640855 46
15225.976705640855 47
15225.976705640855 48
15225.976705640855 49
15225.976705640855 50
15225.976705640855 51
15225.976705640855 52
15225.976705640855 53
15225.976705640855 54
15225.976705640855 55
8814.350275888832 56
8814.350275888832 57
8814.350275888832 58
8814.350275888832 59
8814.350275888832 60
8814.350275888832 61
8814.350275888832 62
8814.350275888832 63
8814.350275888832 64
8814.350275888832 65
8814.350275888832 66
8814.350275888832 67
8814.350275888832 68
8814.350275888832 69
8755.307173203437 70
8736.81753955238 71
8708.032741859977 72
8511.529143174661 73
8313.573998517515 74
8131.882069426512 75
8131.882069426512 76
8131.882069426512 77
7440.464370161476 78
7440.464370161476 79
7440.464370161476 80
7440.464370161476 81
7300.684043585138 82
7258.658575607625 83
7258.658575607625 84
7229.442808782499 85
7229.442808782499 86
7229.442808782499 87
7229.442808782499 88
7229.442808782499 89
7229.442808782499 90
7229.442808782499 91
7229.442808782499 92
7229.442808782499 93
7229.442808782499 94
7229.442808782499 95
7229.442808782499 96
7225.575933340972 97
7225.575933340972 98
7225.575933340972 99
7208.386906477315 100
7170.463872690887 101
7151.752282935244 102
7149.081661259248 103
7116.719617640039 104
7116.719617640039 105
7116.719617640039 106
7116.719617640039 107
7116.719617640039 108
7116.719617640039 109
7116.719617640039 110
7114.691844827912 111
7102.879483958281 112
7102.879483958281 113
7098.459794679979 114
7089.478444114393 115
7079.100159588968 116
7079.100159588968 117
7079.100159588968 118
7079.100159588968 119
7079.100159588968 120
7079.100159588968 121
7079.100159588968 122
7079.100159588968 123
7079.100159588968 124
7079.100159588968 125
7077.128798874575 126
7077.128798874575 127
7077.128798874575 128
7077.128798874575 129
7077.128798874575 130
7077.128798874575 131
7077.128798874575 132
7077.128798874575 133
7077.128798874575 134
7077.128798874575 135
7075.68104359817 136
7075.68104359817 137
7075.519326648428 138
7071.852670121547 139
7071.309923304819 140
7069.855383735089 141
7068.805646007475 142
7068.805646007475 143
7068.805646007475 144
7068.805646007475 145
7068.057997394108 146
7068.057997394108 147
7067.953480985854 148
7065.485115541398 149
7065.05536008568 150
7062.26788763059 151
7060.202797667758 152
7060.202797667758 153
7060.202797667758 154
7059.677869454383 155
7055.122966539539 156
7055.122966539539 157
7055.122966539539 158
7055.122966539539 159
7054.5137623396595 160
7054.176991246468 161
7054.176991246468 162
7052.112642556468 163
7052.112642556468 164
7052.112642556468 165
7052.112642556468 166
7052.112642556468 167
7052.112642556468 168
7051.67038343613 169
7051.67038343613 170
7051.67038343613 171
7051.67038343613 172
7051.67038343613 173
7051.283285660786 174
7051.283285660786 175
7051.283285660786 176
7051.283285660786 177
7051.283285660786 178
7050.941128612614 179
7050.76425156617 180
7050.76425156617 181
7050.76425156617 182
7050.76425156617 183
7050.76425156617 184
7050.76425156617 185
7050.76425156617 186
7050.76425156617 187
7050.76425156617 188
7050.76425156617 189
7050.413200128728 190
7050.413200128728 191
7050.413200128728 192
7050.413200128728 193
7050.413200128728 194
7050.324028566395 195
7050.324028566395 196
7050.324028566395 197
7050.324028566395 198
7050.324028566395 199
7050.324028566395 200
7050.324028566395 201
7050.199015523349 202
7050.153514863985 203
7050.143664716537 204
7050.143664716537 205
7050.058971670722 206
7049.992306276515 207
7049.7470508747765 208
7049.659894079736 209
7049.659894079736 210
7049.659894079736 211
7049.659894079736 212
7049.639319861886 213
7049.639319861886 214
7049.639319861886 215
7049.6388129882835 216
7049.6388129882835 217
7049.547416443927 218
7049.547416443927 219
7049.4982634209555 220
7049.4982634209555 221
7049.4982634209555 222
7049.4982634209555 223
7049.4982634209555 224
7049.4982634209555 225
7049.47486956986 226
7049.47486956986 227
7049.47486956986 228
7049.4384128309175 229
7049.4384128309175 230
7049.408352129516 231
7049.408352129516 232
7049.408352129516 233
7049.407145130754 234
7049.407145130754 235
7049.407145130754 236
7049.407145130754 237
7049.406495985031 238
7049.406495985031 239
7049.381443996659 240
7049.370025009321 241
7049.364287866501 242
7049.364287866501 243
7049.364287866501 244
7049.348939094808 245
7049.335104321875 246
7049.335104321875 247
7049.326859902592 248
7049.311827455739 249
7049.311827455739 250
7049.3015723828685 251
7049.299566004577 252
7049.297883673011 253
7049.291513371412 254
7049.291513371412 255
7049.291513371412 256
7049.275785349215 257
7049.275785349215 258
7049.275785349215 259
7049.275785349215 260
7049.275137667323 261
7049.269098474288 262
7049.269098474288 263
7049.269098474288 264
7049.269098474288 265
7049.269098474288 266
7049.263814074375 267
7049.263814074375 268
7049.263814074375 269
7049.263814074375 270
7049.263814074375 271
7049.263814074375 272
7049.258470647755 273
7049.258470647755 274
7049.258470647755 275
7049.258470647755 276
7049.256662304382 277
7049.256105097763 278
7049.256105097763 279
7049.256105097763 280
7049.256105097763 281
7049.256105097763 282
7049.256105097763 283
7049.256105097763 284
7049.256105097763 285
7049.256105097763 286
7049.256105097763 287
7049.256105097763 288
7049.256105097763 289
7049.256105097763 290
7049.256105097763 291
7049.256105097763 292
7049.256105097763 293
7049.255920606416 294
7049.255739847775 295
7049.253039111621 296
7049.253039111621 297
7049.253039111621 298
7049.252580165825 299
7049.252580165825 300
7049.252580165825 301
7049.2514355362455 302
7049.251426896971 303
7049.25131187276 304
7049.25131187276 305
7049.251276350547 306
7049.251193359422 307
7049.250861573239 308
7049.250861573239 309
7049.250256818406 310
7049.250256818406 311
7049.250256818406 312
7049.250256818406 313
7049.250054776168 314
7049.250054776168 315
7049.250054776168 316
7049.249547204587 317
7049.248967487152 318
7049.248967487152 319
7049.248967487152 320
7049.248967487152 321
7049.248967487152 322
7049.248967487152 323
7049.248967487152 324
7049.248967487152 325
7049.248967487152 326
7049.248967487152 327
7049.248967487152 328
7049.248967487152 329
7049.248967487152 330
7049.248594296385 331
7049.248594296385 332
7049.248594296385 333
7049.248594296385 334
7049.248594296385 335
7049.248594296385 336
7049.248594296385 337
7049.248506247004 338
7049.248506247004 339
7049.248506247004 340
7049.248506247004 341
7049.248503570994 342
7049.24838932051 343
7049.248370413416 344
7049.248357815321 345
7049.248337462768 346
7049.248337462768 347
7049.248337462768 348
7049.24832995929 349
7049.248282545204 350
7049.248282545204 351
7049.248282545204 352
7049.248276417386 353
7049.248276417386 354
7049.248276417386 355
7049.248231070575 356
7049.248216351136 357
7049.248216351136 358
7049.248216351136 359
7049.248202855202 360
7049.24817033535 361
7049.24817033535 362
7049.24817033535 363
7049.248167980512 364
7049.248167980512 365
7049.24814141434 366
7049.248139407768 367
7049.248139407768 368
7049.248139407768 369
7049.248139407768 370
7049.2481335643215 371
7049.248108359163 372
7049.248108359163 373
7049.248108359163 374
7049.248108359163 375
7049.248096998923 376
7049.248096377276 377
7049.248083901461 378
7049.248083901461 379
7049.248074321778 380
7049.248065902373 381
7049.248062475064 382
7049.248051847137 383
7049.248051847137 384
7049.248051847137 385
7049.248051847137 386
7049.248051847137 387
7049.248051847137 388
7049.248051847137 389
7049.248051847137 390
7049.248051847137 391
7049.248051847137 392
7049.248051847137 393
7049.248051847137 394
7049.248051847137 395
7049.248051847137 396
7049.248051847137 397
7049.2480514279905 398
7049.248044828712 399
7049.248044828712 400
7049.248044828712 401
7049.248040530558 402
7049.248038576877 403
7049.248038576877 404
7049.248038576877 405
7049.248038044086 406
7049.248038044086 407
7049.248038044086 408
7049.248037181203 409
7049.248036896429 410
7049.248034148204 411
7049.248033559498 412
7049.248031159221 413
7049.248031159221 414
7049.248031159221 415
7049.248031159221 416
7049.248031159221 417
7049.248031159221 418
7049.248031159221 419
7049.248031159221 420
7049.248030187763 421
7049.248030187763 422
7049.248029568296 423
7049.248028821225 424
7049.248028319581 425
7049.248027291549 426
7049.248027111506 427
7049.248027111506 428
7049.248027084208 429
7049.248026594645 430
7049.248025772097 431
7049.248025647717 432
7049.24802501522 433
7049.248023878983 434
7049.248023697335 435
7049.248023697335 436
7049.248023697335 437
7049.248023697335 438
7049.248023546185 439
7049.248023546185 440
7049.248023546185 441
7049.248023546185 442
7049.2480233487495 443
7049.248023285375 444
7049.248023285375 445
7049.2480232097205 446
7049.248023116141 447
7049.248023116141 448
7049.248023116141 449
7049.248022610831 450
7049.24802210547 451
7049.24802210547 452
7049.24802210547 453
7049.24802210547 454
7049.248021857504 455
7049.248021857504 456
7049.248021631314 457
7049.2480215982205 458
7049.2480213633635 459
7049.2480213633635 460
7049.2480213633635 461
7049.248021347801 462
7049.248021197014 463
7049.248021197014 464
7049.248021197014 465
7049.248021197014 466
7049.248021197014 467
7049.248021197014 468
7049.248021197014 469
7049.248021197014 470
7049.248021197014 471
7049.248021159543 472
7049.248020922805 473
7049.248020922805 474
7049.248020922805 475
7049.248020922805 476
7049.248020922805 477
7049.248020922805 478
7049.248020922805 479
7049.248020922805 480
7049.248020922805 481
7049.248020922805 482
7049.248020891506 483
7049.248020852701 484
7049.248020852701 485
7049.24802085126 486
7049.24802070509 487
7049.24802070509 488
7049.24802070509 489
7049.24802070509 490
7049.24802070509 491
7049.24802070509 492
7049.248020696867 493
7049.248020691039 494
7049.248020691039 495
7049.248020688591 496
7049.248020688591 497
7049.248020688591 498
7049.248020645822 499
7049.248020645822 500
7049.248020645822 501
7049.248020645822 502
7049.248020645822 503
7049.248020645822 504
7049.248020645822 505
7049.248020645822 506
7049.248020627007 507
7049.248020627007 508
7049.248020627007 509
7049.248020627007 510
7049.248020627007 511
7049.248020627007 512
7049.248020627007 513
7049.248020627007 514
7049.248020627007 515
7049.248020627007 516
7049.248020627007 517
7049.248020627007 518
7049.248020627007 519
7049.248020627007 520
7049.248020627007 521
7049.248020612653 522
7049.248020612653 523
7049.248020607487 524
7049.248020607487 525
7049.248020604766 526
7049.2480205922275 527
7049.2480205922275 528
7049.248020589568 529
7049.24802058416 530
7049.24802058416 531
7049.24802058317 532
7049.24802057029 533
7049.24802057029 534
7049.24802057029 535
7049.24802057029 536
7049.248020556425 537
7049.248020556425 538
7049.248020556425 539
7049.248020556425 540
7049.248020556425 541
7049.248020556425 542
7049.248020556425 543
7049.248020556425 544
7049.248020556425 545
7049.248020554223 546
7049.248020550675 547
7049.248020550675 548
7049.248020547638 549
7049.248020546133 550
7049.24802054577 551
7049.248020543695 552
7049.248020543695 553
7049.248020540676 554
7049.248020540676 555
7049.248020540676 556
7049.248020540676 557
7049.248020540676 558
7049.248020540089 559
7049.248020540089 560
7049.248020540089 561
7049.248020540089 562
7049.248020540089 563
7049.248020540089 564
7049.248020536826 565
7049.248020536826 566
7049.248020536826 567
7049.248020536826 568
7049.248020536124 569
7049.248020536124 570
7049.248020534018 571
7049.248020534018 572
7049.248020534018 573
7049.248020534018 574
7049.248020534018 575
7049.248020533582 576
7049.248020533582 577
7049.248020533569 578
7049.2480205334505 579
7049.248020532381 580
7049.248020532381 581
7049.248020532381 582
7049.248020532381 583
7049.248020532246 584
7049.248020532246 585
7049.248020532211 586
7049.248020532211 587
7049.248020532211 588
7049.248020531987 589
7049.248020531893 590
7049.248020531799 591
7049.248020531453 592
7049.248020531131 593
7049.248020531035 594
7049.248020531035 595
7049.248020530849 596
7049.24802053069 597
7049.24802053069 598
7049.248020530355 599
7049.248020530355 600
7049.248020530251 601
7049.2480205302245 602
7049.248020530158 603
7049.248020529983 604
7049.248020529942 605
7049.248020529745 606
7049.248020529571 607
7049.248020529571 608
7049.248020529457 609
7049.2480205293605 610
7049.248020529325 611
7049.248020529297 612
7049.248020529265 613
7049.248020529205 614
7049.248020529098 615
7049.248020529098 616
7049.248020528965 617
7049.248020528965 618
7049.248020528965 619
7049.248020528965 620
7049.248020528965 621
7049.248020528965 622
7049.248020528934 623
7049.248020528927 624
7049.2480205288975 625
7049.248020528862 626
7049.248020528862 627
7049.248020528841 628
7049.248020528841 629
7049.248020528841 630
7049.248020528841 631
7049.248020528804 632
7049.248020528804 633
7049.248020528804 634
7049.248020528804 635
7049.248020528804 636
7049.248020528804 637
7049.248020528804 638
7049.248020528804 639
7049.248020528804 640
7049.248020528772 641
7049.248020528772 642
7049.248020528772 643
7049.248020528747 644
7049.248020528741 645
7049.248020528739 646
7049.248020528739 647
7049.2480205287175 648
7049.2480205287175 649
7049.2480205287175 650
7049.248020528712 651
7049.248020528707 652
7049.248020528707 653
7049.248020528707 654
7049.248020528707 655
7049.248020528707 656
7049.248020528703 657
7049.248020528701 658
