506575.0535617667 0
-2167.7805755359586 1
-3338.192138572265 2
-3338.192138572265 3
-3338.192138572265 4
-4015.981635956117 5
-4015.981635956117 6
-6199.626133692549 7
-6199.626133692549 8
-6199.626133692549 9
-6382.9719232620655 10
-6476.421353770678 11
-6913.26518339526 12
-6913.26518339526 13
-6913.26518339526 14
-6936.99865372648 15
-6936.99865372648 16
-6936.99865372648 17
-6936.99865372648 18
-6936.99865372648 19
-6950.962792996734 20
-6950.962792996734 21
-6950.962792996734 22
-6955.911007910189 23
-6955.911007910189 24
-6955.911007910189 25
-6955.911007910189 26
-6955.911007910189 27
-6955.911007910189 28
-6955.911007910189 29
-6955.911007910189 30
-6955.911007910189 31
-6955.911007910189 32
-6955.911007910189 33
-6955.911007910189 34
-6955.911007910189 35
-6959.827749983966 36
-6959.827749983966 37
-6959.827749983966 38
-6959.827749983966 39
-6960.1359285662065 40
-6960.1359285662065 41
-6960.818612608833 42
-6961.230021612899 43
-6961.639850512156 44
-6961.639850512156 45
-6961.639850512156 46
-6961.770397461207 47
-6961.770397461207 48
-6961.770397461207 49
-6961.770397461207 50
-6961.770397461207 51
-6961.770397461207 52
-6961.770397461207 53
-6961.770397461207 54
-6961.782236896273 55
-6961.782236896273 56
-6961.782236896273 57
-6961.782245068115 58
-6961.795312732011 59
-6961.804080507042 60
-6961.804080507042 61
-6961.804080507042 62
-6961.804080507042 63
-6961.804080507042 64
-6961.804080507042 65
-6961.806205274041 66
-6961.809615172129 67
-6961.812780941496 68
-6961.812780941496 69
-6961.812780941496 70
-6961.812780941496 71
-6961.812780941496 72
-6961.812780941496 73
-6961.813135415942 74
-6961.813491477266 75
-6961.813556065409 76
-6961.8135911297195 77
-6961.813775767848 78
-6961.813808342536 79
-6961.81385484434 80
-6961.81385484434 81
-6961.813856282758 82
-6961.813856282758 83
-6961.813866091244 84
-6961.813866425231 85
-6961.813866425231 86
-6961.813872583992 87
-6961.8138734827735 88
-6961.8138734827735 89
-6961.81387502811 90
-6961.813875062953 91
-6961.813875509599 92
-6961.813875509599 93
-6961.813875509599 94
-6961.8138755113005 95
-6961.813875564482 96
-6961.813875567291 97
-6961.813875574296 98
-6961.813875574448 99
-6961.813875574871 100
-6961.813875574871 101
-6961.813875579392 102
-6961.813875579392 103
-6961.8138755798145 104
-6961.8138755800865 105
-6961.8138755800865 106
-6961.8138755800865 107
-6961.8138755800865 108
-6961.8138755800865 109
-6961.8138755800865 110
-6961.8138755800865 111
-6961.8138755800865 112
-6961.8138755800865 113
-6961.8138755800865 114
-6961.8138755800865 115
-6961.8138755800865 116
-6961.8138755800865 117
-6961.8138755800865 118
-6961.8138755800865 119
-6961.813875580147 120
-6961.813875580147 121
-6961.813875580159 122
-6961.813875580159 123
-6961.813875580159 124
-6961.813875580159 125
-6961.813875580159 126
-6961.813875580159 127
-6961.813875580159 128
-6961.813875580159 129
-6961.813875580159 130
-6961.813875580159 131
-6961.813875580159 132
-6961.813875580159 133
-6961.813875580159 134
-6961.813875580159 135
-6961.8138755801665 136
-6961.8138755801665 137
-6961.8138755801665 138
-6961.8138755801665 139
-6961.8138755801665 140
-6961.8138755801665 141
-6961.8138755801665 142
-6961.8138755801665 143
-6961.8138755801665 144
-6961.8138755801665 145
-6961.8138755801665 146
-6961.8138755801665 147
-6961.8138755801665 148
-6961.8138755801665 149
-6961.8138755801665 150
-6961.8138755801665 151
-6961.8138755801665 152
-6961.8138755801665 153
-6961.8138755801665 154
-6961.8138755801665 155
-6961.8138755801665 156
-6961.8138755801665 157
-6961.8138755801665 158
-6961.8138755801665 159
-6961.8138755801665 160
-6961.8138755801665 161
-6961.8138755801665 162
-6961.8138755801665 163
-6961.8138755801665 164
-6961.8138755801665 165
-6961.8138755801665 166
-6961.8138755801665 167
-6961.8138755801665 168
-6961.8138755801665 169
-6961.8138755801665 170
-6961.8138755801665 171
-6961.8138755801665 172
-6961.8138755801665 173
-6961.8138755801665 174
-6961.8138755801665 175
-6961.8138755801665 176
-6961.8138755801665 177
-6961.8138755801665 178
-6961.8138755801665 179
-6961.8138755801665 180
-6961.8138755801665 181
-6961.8138755801665 182
-6961.8138755801665 183
-6961.8138755801665 184
-6961.8138755801665 185
-6961.8138755801665 186
-6961.8138755801665 187
-6961.8138755801665 188
-6961.8138755801665 189
-6961.8138755801665 190
-6961.8138755801665 191
-6961.8138755801665 192
-6961.8138755801665 193
-6961.8138755801665 194
-6961.8138755801665 195
-6961.8138755801665 196
-6961.8138755801665 197
-6961.8138755801665 198
-6961.8138755801665 199
-6961.8138755801665 200
-6961.8138755801665 201
-6961.8138755801665 202
-6961.8138755801665 203
-6961.8138755801665 204
-6961.8138755801665 205
-6961.8138755801665 206
-6961.8138755801665 207
-6961.8138755801665 208
-6961.8138755801665 209
-6961.8138755801665 210
-6961.8138755801665 211
-6961.8138755801665 212
-6961.8138755801665 213
-6961.8138755801665 214
-6961.8138755801665 215
-6961.8138755801665 216
-6961.8138755801665 217
-6961.8138755801665 218
-6961.8138755801665 219
-6961.8138755801665 220
-6961.8138755801665 221
-6961.8138755801665 222
-6961.8138755801665 223
-6961.8138755801665 224
-6961.8138755801665 225
-6961.8138755801665 226
-6961.8138755801665 227
-6961.8138755801665 228
-6961.8138755801665 229
-6961.8138755801665 230
-6961.8138755801665 231
-6961.8138755801665 232
-6961.8138755801665 233
-6961.8138755801665 234
-6961.8138755801665 235
-6961.8138755801665 236
-6961.8138755801665 237
-6961.8138755801665 238
-6961.8138755801665 239
-6961.8138755801665 240
-6961.8138755801665 241
-6961.8138755801665 242
-6961.8138755801665 243
-6961.8138755801665 244
-6961.8138755801665 245
-6961.8138755801665 246
-6961.8138755801665 247
-6961.8138755801665 248
-6961.8138755801665 249
-6961.8138755801665 250
-6961.8138755801665 251
-6961.8138755801665 252
-6961.8138755801665 253
-6961.8138755801665 254
-6961.8138755801665 255
-6961.8138755801665 256
-6961.8138755801665 257
-6961.8138755801665 258
-6961.8138755801665 259
-6961.8138755801665 260
-6961.8138755801665 261
-6961.8138755801665 262
-6961.8138755801665 263
-6961.8138755801665 264
-6961.8138755801665 265
-6961.8138755801665 266
-6961.8138755801665 267
-6961.8138755801665 268
-6961.8138755801665 269
-6961.8138755801665 270
-6961.8138755801665 271
-6961.8138755801665 272
-6961.8138755801665 273
-6961.8138755801665 274
-6961.8138755801665 275
-6961.8138755801665 276
-6961.8138755801665 277
-6961.8138755801665 278
-6961.8138755801665 279
-6961.8138755801665 280
-6961.8138755801665 281
-6961.8138755801665 282
-6961.8138755801665 283
-6961.8138755801665 284
-6961.8138755801665 285
-6961.8138755801665 286
-6961.8138755801665 287
-6961.8138755801665 288
-6961.8138755801665 289
-6961.8138755801665 290
-6961.8138755801665 291
-6961.8138755801665 292
-6961.8138755801665 293
-6961.8138755801665 294
-6961.8138755801665 295
-6961.8138755801665 296
-6961.8138755801665 297
-6961.8138755801665 298
-6961.8138755801665 299
-6961.8138755801665 300
-6961.8138755801665 301
-6961.8138755801665 302
-6961.8138755801665 303
-6961.8138755801665 304
-6961.8138755801665 305
-6961.8138755801665 306
-6961.8138755801665 307
-6961.8138755801665 308
-6961.8138755801665 309
-6961.8138755801665 310
-6961.8138755801665 311
-6961.8138755801665 312
-6961.8138755801665 313
-6961.8138755801665 314
-6961.8138755801665 315
-6961.8138755801665 316
-6961.8138755801665 317
-6961.8138755801665 318
-6961.8138755801665 319
-6961.8138755801665 320
-6961.8138755801665 321
-6961.8138755801665 322
-6961.8138755801665 323
-6961.8138755801665 324
-6961.8138755801665 325
-6961.8138755801665 326
-6961.8138755801665 327
-6961.8138755801665 328
-6961.8138755801665 329
-6961.8138755801665 330
-6961.8138755801665 331
-6961.8138755801665 332
-6961.8138755801665 333
-6961.8138755801665 334
-6961.8138755801665 335
-6961.8138755801665 336
-6961.8138755801665 337
-6961.8138755801665 338
-6961.8138755801665 339
-6961.8138755801665 340
-6961.8138755801665 341
-6961.8138755801665 342
-6961.8138755801665 343
-6961.8138755801665 344
-6961.8138755801665 345
-6961.8138755801665 346
-6961.8138755801665 347
-6961.8138755801665 348
-6961.8138755801665 349
-6961.8138755801665 350
-6961.8138755801665 351
-6961.8138755801665 352
-6961.8138755801665 353
-6961.8138755801665 354
-6961.8138755801665 355
-6961.8138755801665 356
-6961.8138755801665 357
-6961.8138755801665 358
-6961.8138755801665 359
-6961.8138755801665 360
-6961.8138755801665 361
-6961.8138755801665 362
-6961.8138755801665 363
-6961.8138755801665 364
-6961.8138755801665 365
-6961.8138755801665 366
-6961.8138755801665 367
-6961.8138755801665 368
-6961.8138755801665 369
-6961.8138755801665 370
-6961.8138755801665 371
-6961.8138755801665 372
-6961.8138755801665 373
-6961.8138755801665 374
-6961.8138755801665 375
-6961.8138755801665 376
-6961.8138755801665 377
-6961.8138755801665 378
-6961.8138755801665 379
-6961.8138755801665 380
-6961.8138755801665 381
-6961.8138755801665 382
-6961.8138755801665 383
-6961.8138755801665 384
-6961.8138755801665 385
-6961.8138755801665 386
-6961.8138755801665 387
-6961.8138755801665 388
-6961.8138755801665 389
-6961.8138755801665 390
-6961.8138755801665 391
-6961.8138755801665 392
-6961.8138755801665 393
-6961.8138755801665 394
-6961.8138755801665 395
-6961.8138755801665 396
-6961.8138755801665 397
-6961.8138755801665 398
-6961.8138755801665 399
-6961.8138755801665 400
-6961.8138755801665 401
-6961.8138755801665 402
-6961.8138755801665 403
-6961.8138755801665 404
-6961.8138755801665 405
-6961.8138755801665 406
-6961.8138755801665 407
-6961.8138755801665 408
-6961.8138755801665 409
-6961.8138755801665 410
-6961.8138755801665 411
-6961.8138755801665 412
-6961.8138755801665 413
-6961.8138755801665 414
-6961.8138755801665 415
-6961.8138755801665 416
-6961.8138755801665 417
-6961.8138755801665 418
-6961.8138755801665 419
-6961.8138755801665 420
-6961.8138755801665 421
-6961.8138755801665 422
-6961.8138755801665 423
-6961.8138755801665 424
-6961.8138755801665 425
-6961.8138755801665 426
-6961.8138755801665 427
-6961.8138755801665 428
-6961.8138755801665 429
-6961.8138755801665 430
-6961.8138755801665 431
-6961.8138755801665 432
-6961.8138755801665 433
-6961.8138755801665 434
-6961.8138755801665 435
-6961.8138755801665 436
-6961.8138755801665 437
-6961.8138755801665 438
-6961.8138755801665 439
-6961.8138755801665 440
-6961.8138755801665 441
-6961.8138755801665 442
-6961.8138755801665 443
-6961.8138755801665 444
-6961.8138755801665 445
-6961.8138755801665 446
-6961.8138755801665 447
-6961.8138755801665 448
-6961.8138755801665 449
-6961.8138755801665 450
-6961.8138755801665 451
-6961.8138755801665 452
-6961.8138755801665 453
-6961.8138755801665 454
-6961.8138755801665 455
-6961.8138755801665 456
-6961.8138755801665 457
-6961.8138755801665 458
-6961.8138755801665 459
-6961.8138755801665 460
-6961.8138755801665 461
-6961.8138755801665 462
-6961.8138755801665 463
-6961.8138755801665 464
-6961.8138755801665 465
-6961.8138755801665 466
-6961.8138755801665 467
-6961.8138755801665 468
-6961.8138755801665 469
-6961.8138755801665 470
-6961.8138755801665 471
-6961.8138755801665 472
-6961.8138755801665 473
-6961.8138755801665 474
-6961.8138755801665 475
-6961.8138755801665 476
-6961.8138755801665 477
-6961.8138755801665 478
-6961.8138755801665 479
-6961.8138755801665 480
-6961.8138755801665 481
-6961.8138755801665 482
-6961.8138755801665 483
-6961.8138755801665 484
-6961.8138755801665 485
-6961.8138755801665 486
-6961.8138755801665 487
-6961.8138755801665 488
-6961.8138755801665 489
-6961.8138755801665 490
-6961.8138755801665 491
-6961.8138755801665 492
-6961.8138755801665 493
-6961.8138755801665 494
-6961.8138755801665 495
-6961.8138755801665 496
-6961.8138755801665 497
-6961.8138755801665 498
-6961.8138755801665 499
-6961.8138755801665 500
-6961.8138755801665 501
-6961.8138755801665 502
-6961.8138755801665 503
-6961.8138755801665 504
-6961.8138755801665 505
-6961.8138755801665 506
-6961.8138755801665 507
-6961.8138755801665 508
-6961.8138755801665 509
-6961.8138755801665 510
-6961.8138755801665 511
-6961.8138755801665 512
-6961.8138755801665 513
-6961.8138755801665 514
-6961.8138755801665 515
-6961.8138755801665 516
-6961.8138755801665 517
-6961.8138755801665 518
-6961.8138755801665 519
-6961.8138755801665 520
-6961.8138755801665 521
-6961.8138755801665 522
-6961.8138755801665 523
-6961.8138755801665 524
-6961.8138755801665 525
-6961.8138755801665 526
-6961.8138755801665 527
-6961.8138755801665 528
-6961.8138755801665 529
-6961.8138755801665 530
-6961.8138755801665 531
-6961.8138755801665 532
-6961.8138755801665 533
-6961.8138755801665 534
-6961.8138755801665 535
-6961.8138755801665 536
-6961.8138755801665 537
-6961.8138755801665 538
-6961.8138755801665 539
-6961.8138755801665 540
-6961.8138755801665 541
-6961.8138755801665 542
-6961.8138755801665 543
-6961.8138755801665 544
-6961.8138755801665 545
-6961.8138755801665 546
-6961.8138755801665 547
-6961.8138755801665 548
-6961.8138755801665 549
-6961.8138755801665 550
-6961.8138755801665 551
-6961.8138755801665 552
-6961.8138755801665 553
-6961.8138755801665 554
-6961.8138755801665 555
-6961.8138755801665 556
-6961.8138755801665 557
-6961.8138755801665 558
-6961.8138755801665 559
-6961.8138755801665 560
-6961.8138755801665 561
-6961.8138755801665 562
-6961.8138755801665 563
-6961.8138755801665 564
-6961.8138755801665 565
-6961.8138755801665 566
-6961.8138755801665 567
-6961.8138755801665 568
-6961.8138755801665 569
-6961.8138755801665 570
-6961.8138755801665 571
-6961.8138755801665 572
-6961.8138755801665 573
-6961.8138755801665 574
-6961.8138755801665 575
-6961.8138755801665 576
-6961.8138755801665 577
-6961.8138755801665 578
-6961.8138755801665 579
-6961.8138755801665 580
-6961.8138755801665 581
-6961.8138755801665 582
-6961.8138755801665 583
-6961.8138755801665 584
-6961.8138755801665 585
-6961.8138755801665 586
-6961.8138755801665 587
-6961.8138755801665 588
-6961.8138755801665 589
-6961.8138755801665 590
-6961.8138755801665 591
-6961.8138755801665 592
-6961.8138755801665 593
-6961.8138755801665 594
-6961.8138755801665 595
-6961.8138755801665 596
-6961.8138755801665 597
-6961.8138755801665 598
-6961.8138755801665 599
-6961.8138755801665 600
-6961.8138755801665 601
-6961.8138755801665 602
-6961.8138755801665 603
-6961.8138755801665 604
-6961.8138755801665 605
-6961.8138755801665 606
-6961.8138755801665 607
-6961.8138755801665 608
-6961.8138755801665 609
-6961.8138755801665 610
-6961.8138755801665 611
-6961.8138755801665 612
-6961.8138755801665 613
-6961.8138755801665 614
-6961.8138755801665 615
-6961.8138755801665 616
-6961.8138755801665 617
-6961.8138755801665 618
-6961.8138755801665 619
-6961.8138755801665 620
-6961.8138755801665 621
-6961.8138755801665 622
-6961.8138755801665 623
-6961.8138755801665 624
-6961.8138755801665 625
-6961.8138755801665 626
-6961.8138755801665 627
-6961.8138755801665 628
-6961.8138755801665 629
-6961.8138755801665 630
-6961.8138755801665 631
-6961.8138755801665 632
-6961.8138755801665 633
-6961.8138755801665 634
-6961.8138755801665 635
-6961.8138755801665 636
-6961.8138755801665 637
-6961.8138755801665 638
-6961.8138755801665 639
-6961.8138755801665 640
-6961.8138755801665 641
-6961.8138755801665 642
-6961.8138755801665 643
-6961.8138755801665 644
-6961.8138755801665 645
-6961.8138755801665 646
-6961.8138755801665 647
-6961.8138755801665 648
-6961.8138755801665 649
-6961.8138755801665 650
-6961.8138755801665 651
-6961.8138755801665 652
-6961.8138755801665 653
-6961.8138755801665 654
-6961.8138755801665 655
-6961.8138755801665 656
-6961.8138755801665 657
-6961.8138755801665 658
-6961.8138755801665 659
-6961.8138755801665 660
-6961.8138755801665 661
-6961.8138755801665 662
-6961.8138755801665 663
-6961.8138755801665 664
-6961.8138755801665 665
-6961.8138755801665 666
-6961.8138755801665 667
-6961.8138755801665 668
-6961.8138755801665 669
-6961.8138755801665 670
-6961.8138755801665 671
-6961.8138755801665 672
-6961.8138755801665 673
-6961.8138755801665 674
-6961.8138755801665 675
-6961.8138755801665 676
-6961.8138755801665 677
-6961.8138755801665 678
-6961.8138755801665 679
-6961.8138755801665 680
-6961.8138755801665 681
-6961.8138755801665 682
-6961.8138755801665 683
-6961.8138755801665 684
-6961.8138755801665 685
-6961.8138755801665 686
-6961.8138755801665 687
-6961.8138755801665 688
-6961.8138755801665 689
-6961.8138755801665 690
-6961.8138755801665 691
-6961.8138755801665 692
-6961.8138755801665 693
-6961.8138755801665 694
-6961.8138755801665 695
-6961.8138755801665 696
-6961.8138755801665 697
-6961.8138755801665 698
-6961.8138755801665 699
-6961.8138755801665 700
-6961.8138755801665 701
-6961.8138755801665 702
-6961.8138755801665 703
-6961.8138755801665 704
-6961.8138755801665 705
-6961.8138755801665 706
-6961.8138755801665 707
-6961.8138755801665 708
-6961.8138755801665 709
-6961.8138755801665 710
-6961.8138755801665 711
-6961.8138755801665 712
-6961.8138755801665 713
-6961.8138755801665 714
-6961.8138755801665 715
-6961.8138755801665 716
-6961.8138755801665 717
-6961.8138755801665 718
-6961.8138755801665 719
-6961.8138755801665 720
-6961.8138755801665 721
-6961.8138755801665 722
-6961.8138755801665 723
-6961.8138755801665 724
-6961.8138755801665 725
-6961.8138755801665 726
-6961.8138755801665 727
-6961.8138755801665 728
-6961.8138755801665 729
-6961.8138755801665 730
-6961.8138755801665 731
-6961.8138755801665 732
-6961.8138755801665 733
-6961.8138755801665 734
-6961.8138755801665 735
-6961.8138755801665 736
-6961.8138755801665 737
-6961.8138755801665 738
-6961.8138755801665 739
-6961.8138755801665 740
-6961.8138755801665 741
-6961.8138755801665 742
-6961.8138755801665 743
-6961.8138755801665 744
-6961.8138755801665 745
-6961.8138755801665 746
-6961.8138755801665 747
-6961.8138755801665 748
-6961.8138755801665 749
-6961.8138755801665 750
-6961.8138755801665 751
-6961.8138755801665 752
-6961.8138755801665 753
-6961.8138755801665 754
-6961.8138755801665 755
-6961.8138755801665 756
-6961.8138755801665 757
-6961.8138755801665 758
-6961.8138755801665 759
-6961.8138755801665 760
-6961.8138755801665 761
-6961.8138755801665 762
-6961.8138755801665 763
-6961.8138755801665 764
-6961.8138755801665 765
-6961.8138755801665 766
-6961.8138755801665 767
-6961.8138755801665 768
-6961.8138755801665 769
-6961.8138755801665 770
-6961.8138755801665 771
-6961.8138755801665 772
-6961.8138755801665 773
-6961.8138755801665 774
-6961.8138755801665 775
-6961.8138755801665 776
-6961.8138755801665 777
-6961.8138755801665 778
-6961.8138755801665 779
-6961.8138755801665 780
-6961.8138755801665 781
-6961.8138755801665 782
-6961.8138755801665 783
-6961.8138755801665 784
-6961.8138755801665 785
-6961.8138755801665 786
-6961.8138755801665 787
-6961.8138755801665 788
-6961.8138755801665 789
-6961.8138755801665 790
-6961.8138755801665 791
-6961.8138755801665 792
-6961.8138755801665 793
-6961.8138755801665 794
-6961.8138755801665 795
-6961.8138755801665 796
-6961.8138755801665 797
-6961.8138755801665 798
-6961.8138755801665 799
-6961.8138755801665 800
-6961.8138755801665 801
-6961.8138755801665 802
-6961.8138755801665 803
-6961.8138755801665 804
-6961.8138755801665 805
-6961.8138755801665 806
-6961.8138755801665 807
-6961.8138755801665 808
-6961.8138755801665 809
-6961.8138755801665 810
-6961.8138755801665 811
-6961.8138755801665 812
-6961.8138755801665 813
-6961.8138755801665 814
-6961.8138755801665 815
-6961.8138755801665 816
-6961.8138755801665 817
-6961.8138755801665 818
-6961.8138755801665 819
-6961.8138755801665 820
-6961.8138755801665 821
-6961.8138755801665 822
-6961.8138755801665 823
-6961.8138755801665 824
-6961.8138755801665 825
-6961.8138755801665 826
-6961.8138755801665 827
-6961.8138755801665 828
-6961.8138755801665 829
-6961.8138755801665 830
-6961.8138755801665 831
-6961.8138755801665 832
-6961.8138755801665 833
-6961.8138755801665 834
-6961.8138755801665 835
-6961.8138755801665 836
-6961.8138755801665 837
-6961.8138755801665 838
-6961.8138755801665 839
-6961.8138755801665 840
-6961.8138755801665 841
-6961.8138755801665 842
-6961.8138755801665 843
-6961.8138755801665 844
-6961.8138755801665 845
-6961.8138755801665 846
-6961.8138755801665 847
-6961.8138755801665 848
-6961.8138755801665 849
-6961.8138755801665 850
-6961.8138755801665 851
-6961.8138755801665 852
-6961.8138755801665 853
-6961.8138755801665 854
-6961.8138755801665 855
-6961.8138755801665 856
-6961.8138755801665 857
-6961.8138755801665 858
-6961.8138755801665 859
-6961.8138755801665 860
-6961.8138755801665 861
-6961.8138755801665 862
-6961.8138755801665 863
-6961.8138755801665 864
-6961.8138755801665 865
-6961.8138755801665 866
-6961.8138755801665 867
-6961.8138755801665 868
-6961.8138755801665 869
-6961.8138755801665 870
-6961.8138755801665 871
-6961.8138755801665 872
-6961.8138755801665 873
-6961.8138755801665 874
-6961.8138755801665 875
-6961.8138755801665 876
-6961.8138755801665 877
-6961.8138755801665 878
-6961.8138755801665 879
-6961.8138755801665 880
-6961.8138755801665 881
-6961.8138755801665 882
-6961.8138755801665 883
-6961.8138755801665 884
-6961.8138755801665 885
-6961.8138755801665 886
-6961.8138755801665 887
-6961.8138755801665 888
-6961.8138755801665 889
-6961.8138755801665 890
-6961.8138755801665 891
-6961.8138755801665 892
-6961.8138755801665 893
-6961.8138755801665 894
-6961.8138755801665 895
-6961.8138755801665 896
-6961.8138755801665 897
-6961.8138755801665 898
-6961.8138755801665 899
-6961.8138755801665 900
-6961.8138755801665 901
-6961.8138755801665 902
-6961.8138755801665 903
-6961.8138755801665 904
-6961.8138755801665 905
-6961.8138755801665 906
-6961.8138755801665 907
-6961.8138755801665 908
-6961.8138755801665 909
-6961.8138755801665 910
-6961.8138755801665 911
-6961.8138755801665 912
-6961.8138755801665 913
-6961.8138755801665 914
-6961.8138755801665 915
-6961.8138755801665 916
-6961.8138755801665 917
-6961.8138755801665 918
-6961.8138755801665 919
-6961.8138755801665 920
-6961.8138755801665 921
-6961.8138755801665 922
-6961.8138755801665 923
-6961.8138755801665 924
-6961.8138755801665 925
-6961.8138755801665 926
-6961.8138755801665 927
-6961.8138755801665 928
-6961.8138755801665 929
-6961.8138755801665 930
-6961.8138755801665 931
-6961.8138755801665 932
-6961.8138755801665 933
-6961.8138755801665 934
-6961.8138755801665 935
-6961.8138755801665 936
-6961.8138755801665 937
-6961.8138755801665 938
-6961.8138755801665 939
-6961.8138755801665 940
-6961.8138755801665 941
-6961.8138755801665 942
-6961.8138755801665 943
-6961.8138755801665 944
-6961.8138755801665 945
-6961.8138755801665 946
-6961.8138755801665 947
-6961.8138755801665 948
-6961.8138755801665 949
-6961.8138755801665 950
-6961.8138755801665 951
-6961.8138755801665 952
-6961.8138755801665 953
-6961.8138755801665 954
-6961.8138755801665 955
-6961.8138755801665 956
-6961.8138755801665 957
-6961.8138755801665 958
-6961.8138755801665 959
-6961.8138755801665 960
-6961.8138755801665 961
-6961.8138755801665 962
-6961.8138755801665 963
-6961.8138755801665 964
-6961.8138755801665 965
-6961.8138755801665 966
-6961.8138755801665 967
-6961.8138755801665 968
-6961.8138755801665 969
-6961.8138755801665 970
-6961.8138755801665 971
-6961.8138755801665 972
-6961.8138755801665 973
-6961.8138755801665 974
-6961.8138755801665 975
-6961.8138755801665 976
-6961.8138755801665 977
-6961.8138755801665 978
-6961.8138755801665 979
-6961.8138755801665 980
-6961.8138755801665 981
-6961.8138755801665 982
-6961.8138755801665 983
-6961.8138755801665 984
-6961.8138755801665 985
-6961.8138755801665 986
-6961.8138755801665 987
-6961.8138755801665 988
-6961.8138755801665 989
-6961.8138755801665 990
-6961.8138755801665 991
-6961.8138755801665 992
-6961.8138755801665 993
-6961.8138755801665 994
-6961.8138755801665 995
-6961.8138755801665 996
-6961.8138755801665 997
-6961.8138755801665 998
-6961.8138755801665 999
-6961.8138755801665 1000
-6961.8138755801665 1001
-6961.8138755801665 1002
-6961.8138755801665 1003
-6961.8138755801665 1004
-6961.8138755801665 1005
-6961.8138755801665 1006
-6961.8138755801665 1007
-6961.8138755801665 1008
-6961.8138755801665 1009
-6961.8138755801665 1010
-6961.8138755801665 1011
-6961.8138755801665 1012
-6961.8138755801665 1013
-6961.8138755801665 1014
-6961.8138755801665 1015
-6961.8138755801665 1016
-6961.8138755801665 1017
-6961.8138755801665 1018
-6961.8138755801665 1019
-6961.8138755801665 1020
-6961.8138755801665 1021
-6961.8138755801665 1022
-6961.8138755801665 1023
-6961.8138755801665 1024
-6961.8138755801665 1025
-6961.8138755801665 1026
-6961.8138755801665 1027
-6961.8138755801665 1028
-6961.8138755801665 1029
-6961.8138755801665 1030
-6961.8138755801665 1031
-6961.8138755801665 1032
-6961.8138755801665 1033
-6961.8138755801665 1034
-6961.8138755801665 1035
-6961.8138755801665 1036
-6961.8138755801665 1037
-6961.8138755801665 1038
-6961.8138755801665 1039
-6961.8138755801665 1040
-6961.8138755801665 1041
-6961.8138755801665 1042
-6961.8138755801665 1043
-6961.8138755801665 1044
-6961.8138755801665 1045
-6961.8138755801665 1046
-6961.8138755801665 1047
-6961.8138755801665 1048
-6961.8138755801665 1049
-6961.8138755801665 1050
-6961.8138755801665 1051
-6961.8138755801665 1052
-6961.8138755801665 1053
-6961.8138755801665 1054
-6961.8138755801665 1055
-6961.8138755801665 1056
-6961.8138755801665 1057
-6961.8138755801665 1058
-6961.8138755801665 1059
-6961.8138755801665 1060
-6961.8138755801665 1061
-6961.8138755801665 1062
-6961.8138755801665 1063
-6961.8138755801665 1064
-6961.8138755801665 1065
-6961.8138755801665 1066
-6961.8138755801665 1067
-6961.8138755801665 1068
-6961.8138755801665 1069
-6961.8138755801665 1070
-6961.8138755801665 1071
-6961.8138755801665 1072
-6961.8138755801665 1073
-6961.8138755801665 1074
-6961.8138755801665 1075
-6961.8138755801665 1076
-6961.8138755801665 1077
-6961.8138755801665 1078
-6961.8138755801665 1079
-6961.8138755801665 1080
-6961.8138755801665 1081
-6961.8138755801665 1082
-6961.8138755801665 1083
-6961.8138755801665 1084
-6961.8138755801665 1085
-6961.8138755801665 1086
-6961.8138755801665 1087
-6961.8138755801665 1088
-6961.8138755801665 1089
-6961.8138755801665 1090
-6961.8138755801665 1091
-6961.8138755801665 1092
-6961.8138755801665 1093
-6961.8138755801665 1094
-6961.8138755801665 1095
-6961.8138755801665 1096
-6961.8138755801665 1097
-6961.8138755801665 1098
-6961.8138755801665 1099
-6961.8138755801665 1100
-6961.8138755801665 1101
-6961.8138755801665 1102
-6961.8138755801665 1103
-6961.8138755801665 1104
-6961.8138755801665 1105
-6961.8138755801665 1106
-6961.8138755801665 1107
-6961.8138755801665 1108
-6961.8138755801665 1109
-6961.8138755801665 1110
-6961.8138755801665 1111
-6961.8138755801665 1112
-6961.8138755801665 1113
-6961.8138755801665 1114
-6961.8138755801665 1115
-6961.8138755801665 1116
-6961.8138755801665 1117
-6961.8138755801665 1118
-6961.8138755801665 1119
-6961.8138755801665 1120
-6961.8138755801665 1121
-6961.8138755801665 1122
-6961.8138755801665 1123
-6961.8138755801665 1124
-6961.8138755801665 1125
-6961.8138755801665 1126
-6961.8138755801665 1127
-6961.8138755801665 1128
-6961.8138755801665 1129
-6961.8138755801665 1130
-6961.8138755801665 1131
-6961.8138755801665 1132
-6961.8138755801665 1133
-6961.8138755801665 1134
-6961.8138755801665 1135
-6961.8138755801665 1136
-6961.8138755801665 1137
-6961.8138755801665 1138
-6961.8138755801665 1139
-6961.8138755801665 1140
-6961.8138755801665 1141
-6961.8138755801665 1142
-6961.8138755801665 1143
-6961.8138755801665 1144
-6961.8138755801665 1145
-6961.8138755801665 1146
-6961.8138755801665 1147
-6961.8138755801665 1148
-6961.8138755801665 1149
-6961.8138755801665 1150
-6961.8138755801665 1151
-6961.8138755801665 1152
-6961.8138755801665 1153
-6961.8138755801665 1154
-6961.8138755801665 1155
-6961.8138755801665 1156
-6961.8138755801665 1157
-6961.8138755801665 1158
-6961.8138755801665 1159
-6961.8138755801665 1160
-6961.8138755801665 1161
-6961.8138755801665 1162
-6961.8138755801665 1163
-6961.8138755801665 1164
-6961.8138755801665 1165
-6961.8138755801665 1166
-6961.8138755801665 1167
-6961.8138755801665 1168
-6961.8138755801665 1169
-6961.8138755801665 1170
-6961.8138755801665 1171
-6961.8138755801665 1172
-6961.8138755801665 1173
-6961.8138755801665 1174
-6961.8138755801665 1175
-6961.8138755801665 1176
-6961.8138755801665 1177
-6961.8138755801665 1178
-6961.8138755801665 1179
-6961.8138755801665 1180
-6961.8138755801665 1181
-6961.8138755801665 1182
-6961.8138755801665 1183
-6961.8138755801665 1184
-6961.8138755801665 1185
-6961.8138755801665 1186
-6961.8138755801665 1187
-6961.8138755801665 1188
-6961.8138755801665 1189
-6961.8138755801665 1190
-6961.8138755801665 1191
-6961.8138755801665 1192
-6961.8138755801665 1193
-6961.8138755801665 1194
-6961.8138755801665 1195
-6961.8138755801665 1196
-6961.8138755801665 1197
-6961.8138755801665 1198
-6961.8138755801665 1199
-6961.8138755801665 1200
-6961.8138755801665 1201
-6961.8138755801665 1202
-6961.8138755801665 1203
-6961.8138755801665 1204
-6961.8138755801665 1205
-6961.8138755801665 1206
-6961.8138755801665 1207
-6961.8138755801665 1208
-6961.8138755801665 1209
-6961.8138755801665 1210
-6961.8138755801665 1211
-6961.8138755801665 1212
-6961.8138755801665 1213
-6961.8138755801665 1214
-6961.8138755801665 1215
-6961.8138755801665 1216
-6961.8138755801665 1217
-6961.8138755801665 1218
-6961.8138755801665 1219
-6961.8138755801665 1220
-6961.8138755801665 1221
-6961.8138755801665 1222
-6961.8138755801665 1223
-6961.8138755801665 1224
-6961.8138755801665 1225
-6961.8138755801665 1226
-6961.8138755801665 1227
-6961.8138755801665 1228
-6961.8138755801665 1229
-6961.8138755801665 1230
-6961.8138755801665 1231
-6961.8138755801665 1232
-6961.8138755801665 1233
-6961.8138755801665 1234
-6961.8138755801665 1235
-6961.8138755801665 1236
-6961.8138755801665 1237
-6961.8138755801665 1238
-6961.8138755801665 1239
-6961.8138755801665 1240
-6961.8138755801665 1241
-6961.8138755801665 1242
-6961.8138755801665 1243
-6961.8138755801665 1244
-6961.8138755801665 1245
-6961.8138755801665 1246
-6961.8138755801665 1247
-6961.8138755801665 1248
-6961.8138755801665 1249
-6961.8138755801665 1250
-6961.8138755801665 1251
-6961.8138755801665 1252
-6961.8138755801665 1253
-6961.8138755801665 1254
-6961.8138755801665 1255
-6961.8138755801665 1256
-6961.8138755801665 1257
-6961.8138755801665 1258
-6961.8138755801665 1259
-6961.8138755801665 1260
-6961.8138755801665 1261
-6961.8138755801665 1262
-6961.8138755801665 1263
-6961.8138755801665 1264
-6961.8138755801665 1265
-6961.8138755801665 1266
-6961.8138755801665 1267
-6961.8138755801665 1268
-6961.8138755801665 1269
-6961.8138755801665 1270
-6961.8138755801665 1271
-6961.8138755801665 1272
-6961.8138755801665 1273
-6961.8138755801665 1274
-6961.8138755801665 1275
-6961.8138755801665 1276
-6961.8138755801665 1277
-6961.8138755801665 1278
-6961.8138755801665 1279
-6961.8138755801665 1280
-6961.8138755801665 1281
-6961.8138755801665 1282
-6961.8138755801665 1283
-6961.8138755801665 1284
-6961.8138755801665 1285
-6961.8138755801665 1286
-6961.8138755801665 1287
-6961.8138755801665 1288
-6961.8138755801665 1289
-6961.8138755801665 1290
-6961.8138755801665 1291
-6961.8138755801665 1292
-6961.8138755801665 1293
-6961.8138755801665 1294
-6961.8138755801665 1295
-6961.8138755801665 1296
-6961.8138755801665 1297
-6961.8138755801665 1298
-6961.8138755801665 1299
-6961.8138755801665 1300
-6961.8138755801665 1301
-6961.8138755801665 1302
-6961.8138755801665 1303
-6961.8138755801665 1304
-6961.8138755801665 1305
-6961.8138755801665 1306
-6961.8138755801665 1307
-6961.8138755801665 1308
-6961.8138755801665 1309
-6961.8138755801665 1310
-6961.8138755801665 1311
-6961.8138755801665 1312
-6961.8138755801665 1313
-6961.8138755801665 1314
-6961.8138755801665 1315
-6961.8138755801665 1316
-6961.8138755801665 1317
-6961.8138755801665 1318
-6961.8138755801665 1319
-6961.8138755801665 1320
-6961.8138755801665 1321
-6961.8138755801665 1322
-6961.8138755801665 1323
-6961.8138755801665 1324
-6961.8138755801665 1325
-6961.8138755801665 1326
-6961.8138755801665 1327
-6961.8138755801665 1328
-6961.8138755801665 1329
-6961.8138755801665 1330
-6961.8138755801665 1331
-6961.8138755801665 1332
-6961.8138755801665 1333
-6961.8138755801665 1334
-6961.8138755801665 1335
-6961.8138755801665 1336
-6961.8138755801665 1337
-6961.8138755801665 1338
-6961.8138755801665 1339
-6961.8138755801665 1340
-6961.8138755801665 1341
-6961.8138755801665 1342
-6961.8138755801665 1343
-6961.8138755801665 1344
-6961.8138755801665 1345
-6961.8138755801665 1346
-6961.8138755801665 1347
-6961.8138755801665 1348
-6961.8138755801665 1349
-6961.8138755801665 1350
-6961.8138755801665 1351
-6961.8138755801665 1352
-6961.8138755801665 1353
-6961.8138755801665 1354
-6961.8138755801665 1355
-6961.8138755801665 1356
-6961.8138755801665 1357
-6961.8138755801665 1358
-6961.8138755801665 1359
-6961.8138755801665 1360
-6961.8138755801665 1361
-6961.8138755801665 1362
-6961.8138755801665 1363
-6961.8138755801665 1364
-6961.8138755801665 1365
-6961.8138755801665 1366
-6961.8138755801665 1367
-6961.8138755801665 1368
-6961.8138755801665 1369
-6961.8138755801665 1370
-6961.8138755801665 1371
-6961.8138755801665 1372
-6961.8138755801665 1373
-6961.8138755801665 1374
-6961.8138755801665 1375
-6961.8138755801665 1376
-6961.8138755801665 1377
-6961.8138755801665 1378
-6961.8138755801665 1379
-6961.8138755801665 1380
-6961.8138755801665 1381
-6961.8138755801665 1382
-6961.8138755801665 1383
-6961.8138755801665 1384
-6961.8138755801665 1385
-6961.8138755801665 1386
-6961.8138755801665 1387
-6961.8138755801665 1388
-6961.8138755801665 1389
-6961.8138755801665 1390
-6961.8138755801665 1391
-6961.8138755801665 1392
-6961.8138755801665 1393
-6961.8138755801665 1394
-6961.8138755801665 1395
-6961.8138755801665 1396
-6961.8138755801665 1397
-6961.8138755801665 1398
-6961.8138755801665 1399
-6961.8138755801665 1400
-6961.8138755801665 1401
-6961.8138755801665 1402
-6961.8138755801665 1403
-6961.8138755801665 1404
-6961.8138755801665 1405
-6961.8138755801665 1406
-6961.8138755801665 1407
-6961.8138755801665 1408
-6961.8138755801665 1409
-6961.8138755801665 1410
-6961.8138755801665 1411
-6961.8138755801665 1412
-6961.8138755801665 1413
-6961.8138755801665 1414
-6961.8138755801665 1415
-6961.8138755801665 1416
-6961.8138755801665 1417
-6961.8138755801665 1418
-6961.8138755801665 1419
-6961.8138755801665 1420
-6961.8138755801665 1421
-6961.8138755801665 1422
-6961.8138755801665 1423
-6961.8138755801665 1424
-6961.8138755801665 1425
-6961.8138755801665 1426
-6961.8138755801665 1427
-6961.8138755801665 1428
-6961.8138755801665 1429
-6961.8138755801665 1430
-6961.8138755801665 1431
-6961.8138755801665 1432
-6961.8138755801665 1433
-6961.8138755801665 1434
-6961.8138755801665 1435
-6961.8138755801665 1436
-6961.8138755801665 1437
-6961.8138755801665 1438
-6961.8138755801665 1439
-6961.8138755801665 1440
-6961.8138755801665 1441
-6961.8138755801665 1442
-6961.8138755801665 1443
-6961.8138755801665 1444
-6961.8138755801665 1445
-6961.8138755801665 1446
-6961.8138755801665 1447
-6961.8138755801665 1448
-6961.8138755801665 1449
-6961.8138755801665 1450
-6961.8138755801665 1451
-6961.8138755801665 1452
-6961.8138755801665 1453
-6961.8138755801665 1454
-6961.8138755801665 1455
-6961.8138755801665 1456
-6961.8138755801665 1457
-6961.8138755801665 1458
-6961.8138755801665 1459
-6961.8138755801665 1460
-6961.8138755801665 1461
-6961.8138755801665 1462
-6961.8138755801665 1463
-6961.8138755801665 1464
-6961.8138755801665 1465
-6961.8138755801665 1466
-6961.8138755801665 1467
-6961.8138755801665 1468
-6961.8138755801665 1469
-6961.8138755801665 1470
-6961.8138755801665 1471
-6961.8138755801665 1472
-6961.8138755801665 1473
-6961.8138755801665 1474
-6961.8138755801665 1475
-6961.8138755801665 1476
-6961.8138755801665 1477
-6961.8138755801665 1478
-6961.8138755801665 1479
-6961.8138755801665 1480
-6961.8138755801665 1481
-6961.8138755801665 1482
-6961.8138755801665 1483
-6961.8138755801665 1484
-6961.8138755801665 1485
-6961.8138755801665 1486
-6961.8138755801665 1487
-6961.8138755801665 1488
-6961.8138755801665 1489
-6961.8138755801665 1490
-6961.8138755801665 1491
-6961.8138755801665 1492
-6961.8138755801665 1493
-6961.8138755801665 1494
-6961.8138755801665 1495
-6961.8138755801665 1496
-6961.8138755801665 1497
-6961.8138755801665 1498
-6961.8138755801665 1499
-6961.8138755801665 1500
-6961.8138755801665 1501
-6961.8138755801665 1502
-6961.8138755801665 1503
-6961.8138755801665 1504
-6961.8138755801665 1505
-6961.8138755801665 1506
-6961.8138755801665 1507
-6961.8138755801665 1508
-6961.8138755801665 1509
-6961.8138755801665 1510
-6961.8138755801665 1511
-6961.8138755801665 1512
-6961.8138755801665 1513
-6961.8138755801665 1514
-6961.8138755801665 1515
-6961.8138755801665 1516
-6961.8138755801665 1517
-6961.8138755801665 1518
-6961.8138755801665 1519
-6961.8138755801665 1520
-6961.8138755801665 1521
-6961.8138755801665 1522
-6961.8138755801665 1523
-6961.8138755801665 1524
-6961.8138755801665 1525
-6961.8138755801665 1526
-6961.8138755801665 1527
-6961.8138755801665 1528
-6961.8138755801665 1529
-6961.8138755801665 1530
-6961.8138755801665 1531
-6961.8138755801665 1532
-6961.8138755801665 1533
-6961.8138755801665 1534
-6961.8138755801665 1535
-6961.8138755801665 1536
-6961.8138755801665 1537
-6961.8138755801665 1538
-6961.8138755801665 1539
-6961.8138755801665 1540
-6961.8138755801665 1541
-6961.8138755801665 1542
-6961.8138755801665 1543
-6961.8138755801665 1544
-6961.8138755801665 1545
-6961.8138755801665 1546
-6961.8138755801665 1547
-6961.8138755801665 1548
-6961.8138755801665 1549
-6961.8138755801665 1550
-6961.8138755801665 1551
-6961.8138755801665 1552
-6961.8138755801665 1553
-6961.8138755801665 1554
-6961.8138755801665 1555
-6961.8138755801665 1556
-6961.8138755801665 1557
-6961.8138755801665 1558
-6961.8138755801665 1559
-6961.8138755801665 1560
-6961.8138755801665 1561
-6961.8138755801665 1562
-6961.8138755801665 1563
-6961.8138755801665 1564
-6961.8138755801665 1565
-6961.8138755801665 1566
-6961.8138755801665 1567
-6961.8138755801665 1568
-6961.8138755801665 1569
-6961.8138755801665 1570
-6961.8138755801665 1571
-6961.8138755801665 1572
-6961.8138755801665 1573
-6961.8138755801665 1574
-6961.8138755801665 1575
-6961.8138755801665 1576
-6961.8138755801665 1577
-6961.8138755801665 1578
-6961.8138755801665 1579
-6961.8138755801665 1580
-6961.8138755801665 1581
-6961.8138755801665 1582
-6961.8138755801665 1583
-6961.8138755801665 1584
-6961.8138755801665 1585
-6961.8138755801665 1586
-6961.8138755801665 1587
-6961.8138755801665 1588
-6961.8138755801665 1589
-6961.8138755801665 1590
-6961.8138755801665 1591
-6961.8138755801665 1592
-6961.8138755801665 1593
-6961.8138755801665 1594
-6961.8138755801665 1595
-6961.8138755801665 1596
-6961.8138755801665 1597
-6961.8138755801665 1598
-6961.8138755801665 1599
-6961.8138755801665 1600
-6961.8138755801665 1601
-6961.8138755801665 1602
-6961.8138755801665 1603
-6961.8138755801665 1604
-6961.8138755801665 1605
-6961.8138755801665 1606
-6961.8138755801665 1607
-6961.8138755801665 1608
-6961.8138755801665 1609
-6961.8138755801665 1610
-6961.8138755801665 1611
-6961.8138755801665 1612
-6961.8138755801665 1613
-6961.8138755801665 1614
-6961.8138755801665 1615
-6961.8138755801665 1616
-6961.8138755801665 1617
-6961.8138755801665 1618
-6961.8138755801665 1619
-6961.8138755801665 1620
-6961.8138755801665 1621
-6961.8138755801665 1622
-6961.8138755801665 1623
-6961.8138755801665 1624
-6961.8138755801665 1625
-6961.8138755801665 1626
-6961.8138755801665 1627
-6961.8138755801665 1628
-6961.8138755801665 1629
-6961.8138755801665 1630
-6961.8138755801665 1631
-6961.8138755801665 1632
-6961.8138755801665 1633
-6961.8138755801665 1634
-6961.8138755801665 1635
-6961.8138755801665 1636
-6961.8138755801665 1637
-6961.8138755801665 1638
-6961.8138755801665 1639
-6961.8138755801665 1640
-6961.8138755801665 1641
-6961.8138755801665 1642
-6961.8138755801665 1643
-6961.8138755801665 1644
-6961.8138755801665 1645
-6961.8138755801665 1646
-6961.8138755801665 1647
-6961.8138755801665 1648
-6961.8138755801665 1649
-6961.8138755801665 1650
-6961.8138755801665 1651
-6961.8138755801665 1652
-6961.8138755801665 1653
-6961.8138755801665 1654
-6961.8138755801665 1655
-6961.8138755801665 1656
-6961.8138755801665 1657
-6961.8138755801665 1658
-6961.8138755801665 1659
-6961.8138755801665 1660
-6961.8138755801665 1661
-6961.8138755801665 1662
-6961.8138755801665 1663
-6961.8138755801665 1664
-6961.8138755801665 1665
-6961.8138755801665 1666
-6961.8138755801665 1667
-6961.8138755801665 1668
-6961.8138755801665 1669
-6961.8138755801665 1670
-6961.8138755801665 1671
-6961.8138755801665 1672
-6961.8138755801665 1673
-6961.8138755801665 1674
-6961.8138755801665 1675
-6961.8138755801665 1676
-6961.8138755801665 1677
-6961.8138755801665 1678
-6961.8138755801665 1679
-6961.8138755801665 1680
-6961.8138755801665 1681
-6961.8138755801665 1682
-6961.8138755801665 1683
-6961.8138755801665 1684
-6961.8138755801665 1685
-6961.8138755801665 1686
-6961.8138755801665 1687
-6961.8138755801665 1688
-6961.8138755801665 1689
-6961.8138755801665 1690
-6961.8138755801665 1691
-6961.8138755801665 1692
-6961.8138755801665 1693
-6961.8138755801665 1694
-6961.8138755801665 1695
-6961.8138755801665 1696
-6961.8138755801665 1697
-6961.8138755801665 1698
-6961.8138755801665 1699
-6961.8138755801665 1700
-6961.8138755801665 1701
-6961.8138755801665 1702
-6961.8138755801665 1703
-6961.8138755801665 1704
-6961.8138755801665 1705
-6961.8138755801665 1706
-6961.8138755801665 1707
-6961.8138755801665 1708
-6961.8138755801665 1709
-6961.8138755801665 1710
-6961.8138755801665 1711
-6961.8138755801665 1712
-6961.8138755801665 1713
-6961.8138755801665 1714
-6961.8138755801665 1715
-6961.8138755801665 1716
-6961.8138755801665 1717
-6961.8138755801665 1718
-6961.8138755801665 1719
-6961.8138755801665 1720
-6961.8138755801665 1721
-6961.8138755801665 1722
-6961.8138755801665 1723
-6961.8138755801665 1724
-6961.8138755801665 1725
-6961.8138755801665 1726
-6961.8138755801665 1727
-6961.8138755801665 1728
-6961.8138755801665 1729
-6961.8138755801665 1730
-6961.8138755801665 1731
-6961.8138755801665 1732
-6961.8138755801665 1733
-6961.8138755801665 1734
-6961.8138755801665 1735
-6961.8138755801665 1736
-6961.8138755801665 1737
-6961.8138755801665 1738
-6961.8138755801665 1739
-6961.8138755801665 1740
-6961.8138755801665 1741
-6961.8138755801665 1742
-6961.8138755801665 1743
-6961.8138755801665 1744
-6961.8138755801665 1745
-6961.8138755801665 1746
-6961.8138755801665 1747
-6961.8138755801665 1748
-6961.8138755801665 1749
-6961.8138755801665 1750
-6961.8138755801665 1751
-6961.8138755801665 1752
-6961.8138755801665 1753
-6961.8138755801665 1754
-6961.8138755801665 1755
-6961.8138755801665 1756
-6961.8138755801665 1757
-6961.8138755801665 1758
-6961.8138755801665 1759
-6961.8138755801665 1760
-6961.8138755801665 1761
-6961.8138755801665 1762
-6961.8138755801665 1763
-6961.8138755801665 1764
-6961.8138755801665 1765
-6961.8138755801665 1766
-6961.8138755801665 1767
-6961.8138755801665 1768
-6961.8138755801665 1769
-6961.8138755801665 1770
-6961.8138755801665 1771
-6961.8138755801665 1772
-6961.8138755801665 1773
-6961.8138755801665 1774
-6961.8138755801665 1775
-6961.8138755801665 1776
-6961.8138755801665 1777
-6961.8138755801665 1778
-6961.8138755801665 1779
-6961.8138755801665 1780
-6961.8138755801665 1781
-6961.8138755801665 1782
-6961.8138755801665 1783
-6961.8138755801665 1784
-6961.8138755801665 1785
